1 4 1.4313 1.34
1 12 1.4299 1.3302
1 13 1.4278 1.3298
2 16 1.4007 1.5
2 17 1.4279 1.3417
2 24 1.4615 1.1583
3 17 1.4614 1.1583
3 18 1.4014 1.5008
3 25 1.4223 1.3409
4 18 1.3944 1.4992
4 19 1.4601 1.1608
5 14 1.4281 1.3298
5 19 1.4312 1.34
5 20 1.4297 1.3302
6 15 1.3949 1.4992
6 20 1.4312 1.34
6 21 1.46 1.1608
7 21 1.3943 1.4992
7 22 1.4014 1.5008
8 16 1.4005 1.5
8 22 1.4615 1.1583
8 23 1.428 1.3417
9 17 1.4006 1.5
9 23 1.4007 1.5
10 19 1.3949 1.4992
10 24 1.4015 1.5008
11 20 1.4283 1.3298
11 24 1.4223 1.3409
11 25 1.4367 1.3293
12 21 1.4313 1.34
12 25 1.4279 1.3298
13 14 1.4367 1.3293
13 22 1.4222 1.3409
14 26 1.4222 1.3409
15 26 1.4015 1.5008
23 26 1.4616 1.1583
