1 12 1.4227 1.3354
1 13 1.3975 1.5
1 22 1.4636 1.1646
2 11 1.4643 1.1646
2 14 1.4007 1.5
2 15 1.4253 1.3354
3 12 1.4261 1.3354
3 15 1.4379 1.3293
3 16 1.4263 1.3354
4 13 1.3968 1.5
4 16 1.4229 1.3354
4 17 1.4639 1.1646
5 17 1.4011 1.5
5 18 1.4012 1.5
6 14 1.4014 1.5
6 18 1.4911 1
6 19 1.4009 1.5
7 15 1.4255 1.3354
7 19 1.4008 1.5
7 20 1.4638 1.1646
8 16 1.438 1.3293
8 20 1.4225 1.3354
8 21 1.4263 1.3354
9 17 1.425 1.3354
9 21 1.4383 1.3293
9 22 1.4256 1.3354
10 18 1.4015 1.5
10 22 1.4007 1.5
11 23 1.4224 1.3354
11 24 1.397 1.5
12 23 1.438 1.3293
20 24 1.3967 1.5
21 23 1.4262 1.3354
