#K-Path(1/A) Energy-Level(eV)
# NKPTS & NBANDS: 120  32
# Band-Index    1
   0.00000    -17.869499
   0.02507    -17.871144
   0.05015    -17.875973
   0.07522    -17.883712
   0.10030    -17.893965
   0.12537    -17.906226
   0.15045    -17.919961
   0.17552    -17.934635
   0.20059    -17.949742
   0.22567    -17.964832
   0.25074    -17.979502
   0.27582    -17.993419
   0.30089    -18.006291
   0.32597    -18.017868
   0.35104    -18.027970
   0.37612    -18.036428
   0.40119    -18.043118
   0.42626    -18.047968
   0.45134    -18.050905
   0.47641    -18.051895
   0.47641    -18.051895
   0.51429    -18.049816
   0.55216    -18.043624
   0.59004    -18.033377
   0.62792    -18.019179
   0.66579    -18.001197
   0.70367    -17.979641
   0.74154    -17.954798
   0.77942    -17.927014
   0.81729    -17.896715
   0.85517    -17.864450
   0.89305    -17.830876
   0.93092    -17.796790
   0.96880    -17.763153
   1.00667    -17.731104
   1.04455    -17.701948
   1.08242    -17.677117
   1.12030    -17.658034
   1.15818    -17.645986
   1.19605    -17.641858
   1.19605    -17.641858
   1.20696    -17.642452
   1.21788    -17.644225
   1.22879    -17.647151
   1.23970    -17.651180
   1.25061    -17.656254
   1.26152    -17.662303
   1.27243    -17.669246
   1.28334    -17.676995
   1.29426    -17.685468
   1.30517    -17.694575
   1.31608    -17.704232
   1.32699    -17.714361
   1.33790    -17.724879
   1.34881    -17.735716
   1.35972    -17.746808
   1.37064    -17.758090
   1.38155    -17.769512
   1.39246    -17.781016
   1.40337    -17.792556
   1.40337    -17.792556
   1.42310    -17.798821
   1.44282    -17.805337
   1.46255    -17.811978
   1.48228    -17.818626
   1.50200    -17.825190
   1.52173    -17.831570
   1.54146    -17.837707
   1.56118    -17.843528
   1.58091    -17.848979
   1.60064    -17.854025
   1.62036    -17.858622
   1.64009    -17.862742
   1.65982    -17.866353
   1.67954    -17.869441
   1.69927    -17.871987
   1.71900    -17.873975
   1.73872    -17.875406
   1.75845    -17.876264
   1.77818    -17.876552
   1.77818    -17.876552
   1.80316    -17.878114
   1.82815    -17.882700
   1.85314    -17.890069
   1.87812    -17.899838
   1.90311    -17.911536
   1.92810    -17.924673
   1.95308    -17.938737
   1.97807    -17.953241
   2.00306    -17.967756
   2.02804    -17.981888
   2.05303    -17.995313
   2.07802    -18.007744
   2.10300    -18.018941
   2.12799    -18.028716
   2.15297    -18.036902
   2.17796    -18.043390
   2.20295    -18.048090
   2.22793    -18.050937
   2.25292    -18.051895
   2.25292    -18.051895
   2.29237    -18.049597
   2.33183    -18.042768
   2.37128    -18.031524
   2.41073    -18.016074
   2.45019    -17.996724
   2.48964    -17.973932
   2.52909    -17.948279
   2.56855    -17.920531
   2.60800    -17.891654
   2.64745    -17.862863
   2.68691    -17.835578
   2.72636    -17.811343
   2.76581    -17.791675
   2.80527    -17.777770
   2.84472    -17.770231
   2.88417    -17.768925
   2.92363    -17.773043
   2.96308    -17.781372
   3.00253    -17.792556
 
# Band-Index    2
   3.00253    -16.602029
   2.96308    -16.635986
   2.92363    -16.675396
   2.88417    -16.710554
   2.84472    -16.735495
   2.80527    -16.746952
   2.76581    -16.743465
   2.72636    -16.724877
   2.68691    -16.691955
   2.64745    -16.645953
   2.60800    -16.588309
   2.56855    -16.520425
   2.52909    -16.443574
   2.48964    -16.358915
   2.45019    -16.267482
   2.41073    -16.170302
   2.37128    -16.068532
   2.33183    -15.963982
   2.29237    -15.861886
   2.25292    -15.799039
   2.25292    -15.799039
   2.22793    -15.820795
   2.20295    -15.869715
   2.17796    -15.929566
   2.15297    -15.994361
   2.12799    -16.061417
   2.10300    -16.129125
   2.07802    -16.196289
   2.05303    -16.261957
   2.02804    -16.325303
   2.00306    -16.385589
   1.97807    -16.442110
   1.95308    -16.494207
   1.92810    -16.541221
   1.90311    -16.582497
   1.87812    -16.617396
   1.85314    -16.645300
   1.82815    -16.665672
   1.80316    -16.678087
   1.77818    -16.682257
   1.77818    -16.682257
   1.75845    -16.681651
   1.73872    -16.679849
   1.71900    -16.676861
   1.69927    -16.672716
   1.67954    -16.667460
   1.65982    -16.661158
   1.64009    -16.653894
   1.62036    -16.645773
   1.60064    -16.636934
   1.58091    -16.627569
   1.56118    -16.617935
   1.54146    -16.608373
   1.52173    -16.599353
   1.50200    -16.591525
   1.48228    -16.585713
   1.46255    -16.582968
   1.44282    -16.584365
   1.42310    -16.590698
   1.40337    -16.602029
   1.40337    -16.602029
   1.39246    -16.626251
   1.38155    -16.649775
   1.37064    -16.672553
   1.35972    -16.694525
   1.34881    -16.715627
   1.33790    -16.735804
   1.32699    -16.754983
   1.31608    -16.773085
   1.30517    -16.790034
   1.29426    -16.805746
   1.28334    -16.820132
   1.27243    -16.833108
   1.26152    -16.844582
   1.25061    -16.854468
   1.23970    -16.862682
   1.22879    -16.869155
   1.21788    -16.873821
   1.20696    -16.876643
   1.19605    -16.877588
   1.19605    -16.877588
   1.15818    -16.874287
   1.12030    -16.864380
   1.08242    -16.847895
   1.04455    -16.824842
   1.00667    -16.795257
   0.96880    -16.759176
   0.93092    -16.716661
   0.89305    -16.667754
   0.85517    -16.612525
   0.81729    -16.551059
   0.77942    -16.483463
   0.74154    -16.409812
   0.70367    -16.330272
   0.66579    -16.245021
   0.62792    -16.154324
   0.59004    -16.058668
   0.55216    -15.959238
   0.51429    -15.860629
   0.47641    -15.799039
   0.47641    -15.799039
   0.45134    -15.821150
   0.42626    -15.870765
   0.40119    -15.931439
   0.37612    -15.997135
   0.35104    -16.065156
   0.32597    -16.133860
   0.30089    -16.202067
   0.27582    -16.268798
   0.25074    -16.333214
   0.22567    -16.394567
   0.20059    -16.452147
   0.17552    -16.505279
   0.15045    -16.553278
   0.12537    -16.595470
   0.10030    -16.631184
   0.07522    -16.659777
   0.05015    -16.680673
   0.02507    -16.693408
   0.00000    -16.697686
 
# Band-Index    3
   0.00000    -15.318873
   0.02507    -15.319990
   0.05015    -15.323229
   0.07522    -15.328320
   0.10030    -15.335024
   0.12537    -15.343194
   0.15045    -15.352791
   0.17552    -15.363853
   0.20059    -15.376458
   0.22567    -15.390774
   0.25074    -15.407014
   0.27582    -15.425458
   0.30089    -15.446448
   0.32597    -15.470366
   0.35104    -15.497635
   0.37612    -15.528545
   0.40119    -15.563063
   0.42626    -15.600094
   0.45134    -15.634915
   0.47641    -15.651987
   0.47641    -15.651987
   0.51429    -15.585254
   0.55216    -15.471238
   0.59004    -15.346185
   0.62792    -15.363902
   0.66579    -15.460361
   0.70367    -15.555921
   0.74154    -15.649719
   0.77942    -15.741102
   0.81729    -15.829475
   0.85517    -15.914247
   0.89305    -15.994724
   0.93092    -16.070097
   0.96880    -16.139428
   1.00667    -16.201605
   1.04455    -16.255352
   1.08242    -16.299274
   1.12030    -16.331952
   1.15818    -16.352149
   1.19605    -16.358984
   1.19605    -16.358984
   1.20696    -16.358732
   1.21788    -16.357976
   1.22879    -16.356719
   1.23970    -16.354961
   1.25061    -16.352699
   1.26152    -16.349942
   1.27243    -16.346683
   1.28334    -16.342924
   1.29426    -16.338669
   1.30517    -16.333920
   1.31608    -16.328680
   1.32699    -16.322951
   1.33790    -16.316734
   1.34881    -16.310029
   1.35972    -16.302844
   1.37064    -16.295180
   1.38155    -16.287041
   1.39246    -16.278436
   1.40337    -16.269363
   1.40337    -16.269363
   1.42310    -16.261480
   1.44282    -16.244999
   1.46255    -16.220124
   1.48228    -16.187747
   1.50200    -16.149057
   1.52173    -16.105168
   1.54146    -16.057010
   1.56118    -16.005291
   1.58091    -15.950550
   1.60064    -15.893181
   1.62036    -15.833497
   1.64009    -15.771743
   1.65982    -15.708126
   1.67954    -15.642824
   1.69927    -15.576010
   1.71900    -15.507907
   1.73872    -15.438921
   1.75845    -15.370574
   1.77818    -15.322556
   1.77818    -15.322556
   1.80316    -15.323560
   1.82815    -15.326507
   1.85314    -15.331235
   1.87812    -15.337566
   1.90311    -15.345404
   1.92810    -15.354716
   1.95308    -15.365538
   1.97807    -15.377948
   2.00306    -15.392109
   2.02804    -15.408233
   2.05303    -15.426589
   2.07802    -15.447511
   2.10300    -15.471370
   2.12799    -15.498578
   2.15297    -15.529417
   2.17796    -15.563816
   2.20295    -15.600635
   2.22793    -15.635138
   2.25292    -15.651987
   2.25292    -15.651987
   2.29237    -15.586880
   2.33183    -15.478054
   2.37128    -15.362429
   2.41073    -15.342987
   2.45019    -15.428972
   2.48964    -15.512971
   2.52909    -15.594527
   2.56855    -15.673494
   2.60800    -15.749762
   2.64745    -15.823268
   2.68691    -15.893904
   2.72636    -15.961514
   2.76581    -16.025817
   2.80527    -16.086359
   2.84472    -16.142341
   2.88417    -16.192411
   2.92363    -16.234066
   2.96308    -16.262518
   3.00253    -16.269363
 
# Band-Index    4
   3.00253    -13.939931
   2.96308    -13.936547
   2.92363    -13.979905
   2.88417    -14.044660
   2.84472    -14.120109
   2.80527    -14.202274
   2.76581    -14.289580
   2.72636    -14.381387
   2.68691    -14.477362
   2.64745    -14.577325
   2.60800    -14.681093
   2.56855    -14.788429
   2.52909    -14.899022
   2.48964    -15.012411
   2.45019    -15.127985
   2.41073    -15.244886
   2.37128    -15.255527
   2.33183    -15.170008
   2.29237    -15.094853
   2.25292    -15.059257
   2.25292    -15.059257
   2.22793    -15.066065
   2.20295    -15.082957
   2.17796    -15.103911
   2.15297    -15.125124
   2.12799    -15.144883
   2.10300    -15.162653
   2.07802    -15.178374
   2.05303    -15.192185
   2.02804    -15.204294
   2.00306    -15.214894
   1.97807    -15.224176
   1.95308    -15.232298
   1.92810    -15.239388
   1.90311    -15.245534
   1.87812    -15.250762
   1.85314    -15.255054
   1.82815    -15.258301
   1.80316    -15.260361
   1.77818    -15.261074
   1.77818    -15.261074
   1.75845    -15.211915
   1.73872    -15.140168
   1.71900    -15.065507
   1.69927    -14.989445
   1.67954    -14.912392
   1.65982    -14.834561
   1.64009    -14.756124
   1.62036    -14.677246
   1.60064    -14.598113
   1.58091    -14.518950
   1.56118    -14.440054
   1.54146    -14.361814
   1.52173    -14.284797
   1.50200    -14.209797
   1.48228    -14.138085
   1.46255    -14.071656
   1.44282    -14.013598
   1.42310    -13.968236
   1.40337    -13.939931
   1.40337    -13.939931
   1.39246    -13.897707
   1.38155    -13.855314
   1.37064    -13.812797
   1.35972    -13.770215
   1.34881    -13.727625
   1.33790    -13.685109
   1.32699    -13.642754
   1.31608    -13.600687
   1.30517    -13.559062
   1.29426    -13.518078
   1.28334    -13.477999
   1.27243    -13.439188
   1.26152    -13.402133
   1.25061    -13.367495
   1.23970    -13.336183
   1.22879    -13.309381
   1.21788    -13.288533
   1.20696    -13.275173
   1.19605    -13.270555
   1.19605    -13.270555
   1.15818    -13.283422
   1.12030    -13.319285
   1.08242    -13.373452
   1.04455    -13.499575
   1.00667    -13.670436
   0.96880    -13.839546
   0.93092    -14.006055
   0.89305    -14.169662
   0.85517    -14.330155
   0.81729    -14.487298
   0.77942    -14.640870
   0.74154    -14.790636
   0.70367    -14.936364
   0.66579    -15.077783
   0.62792    -15.214516
   0.59004    -15.267792
   0.55216    -15.175527
   0.51429    -15.096201
   0.47641    -15.059257
   0.47641    -15.059257
   0.45134    -15.066262
   0.42626    -15.083581
   0.40119    -15.104972
   0.37612    -15.126535
   0.35104    -15.146563
   0.32597    -15.164536
   0.30089    -15.180420
   0.27582    -15.194368
   0.25074    -15.206602
   0.22567    -15.217327
   0.20059    -15.226756
   0.17552    -15.235051
   0.15045    -15.242341
   0.12537    -15.248732
   0.10030    -15.254260
   0.07522    -15.258887
   0.05015    -15.262479
   0.02507    -15.264813
   0.00000    -15.265631
 
# Band-Index    5
   0.00000    -13.100420
   0.02507    -13.131104
   0.05015    -13.207371
   0.07522    -13.306584
   0.10030    -13.416509
   0.12537    -13.531500
   0.15045    -13.648677
   0.17552    -13.766319
   0.20059    -13.883219
   0.22567    -13.998403
   0.25074    -14.111001
   0.27582    -14.220147
   0.30089    -14.324908
   0.32597    -14.424236
   0.35104    -14.516865
   0.37612    -14.601203
   0.40119    -14.675095
   0.42626    -14.735301
   0.45134    -14.776532
   0.47641    -14.791619
   0.47641    -14.791619
   0.51429    -14.753860
   0.55216    -14.672114
   0.59004    -14.575822
   0.62792    -14.474353
   0.66579    -14.370912
   0.70367    -14.267022
   0.74154    -14.163602
   0.77942    -14.061375
   0.81729    -13.960966
   0.85517    -13.863008
   0.89305    -13.768139
   0.93092    -13.677074
   0.96880    -13.590570
   1.00667    -13.509540
   1.04455    -13.434711
   1.08242    -13.321848
   1.12030    -13.147258
   1.15818    -12.970223
   1.19605    -12.814366
   1.19605    -12.814366
   1.20696    -12.844790
   1.21788    -12.879627
   1.22879    -12.914995
   1.23970    -12.950826
   1.25061    -12.987100
   1.26152    -13.023802
   1.27243    -13.060917
   1.28334    -13.098433
   1.29426    -13.136337
   1.30517    -13.174607
   1.31608    -13.213226
   1.32699    -13.252180
   1.33790    -13.291446
   1.34881    -13.331004
   1.35972    -13.370835
   1.37064    -13.410912
   1.38155    -13.451212
   1.39246    -13.491712
   1.40337    -13.532395
   1.40337    -13.532395
   1.42310    -13.546959
   1.44282    -13.545432
   1.46255    -13.531948
   1.48228    -13.510649
   1.50200    -13.484481
   1.52173    -13.455332
   1.54146    -13.424392
   1.56118    -13.392457
   1.58091    -13.360111
   1.60064    -13.327833
   1.62036    -13.296069
   1.64009    -13.265301
   1.65982    -13.236072
   1.67954    -13.209006
   1.69927    -13.184873
   1.71900    -13.164567
   1.73872    -13.149063
   1.75845    -13.139294
   1.77818    -13.135954
   1.77818    -13.135954
   1.80316    -13.164097
   1.82815    -13.235771
   1.85314    -13.331055
   1.87812    -13.437957
   1.90311    -13.550543
   1.92810    -13.665695
   1.95308    -13.781546
   1.97807    -13.896799
   2.00306    -14.010435
   2.02804    -14.121546
   2.05303    -14.229241
   2.07802    -14.332587
   2.10300    -14.430523
   2.12799    -14.521789
   2.15297    -14.604809
   2.17796    -14.677453
   2.20295    -14.736529
   2.22793    -14.776883
   2.25292    -14.791619
   2.25292    -14.791619
   2.29237    -14.751625
   2.33183    -14.663283
   2.37128    -14.555727
   2.41073    -14.437826
   2.45019    -14.312316
   2.48964    -14.180366
   2.52909    -14.042661
   2.56855    -13.899912
   2.60800    -13.753004
   2.64745    -13.603224
   2.68691    -13.452719
   2.72636    -13.305644
   2.76581    -13.172933
   2.80527    -13.089927
   2.84472    -13.114186
   2.88417    -13.214935
   2.92363    -13.337749
   2.96308    -13.454193
   3.00253    -13.532395
 
# Band-Index    6
   3.00253    -12.226921
   2.96308    -12.299990
   2.92363    -12.424835
   2.88417    -12.557449
   2.84472    -12.672066
   2.80527    -12.715930
   2.76581    -12.658313
   2.72636    -12.555605
   2.68691    -12.441275
   2.64745    -12.324035
   2.60800    -12.205876
   2.56855    -12.087112
   2.52909    -11.967789
   2.48964    -11.848228
   2.45019    -11.729253
   2.41073    -11.612597
   2.37128    -11.501548
   2.33183    -11.402579
   2.29237    -11.328492
   2.25292    -11.299591
   2.25292    -11.299591
   2.22793    -11.310493
   2.20295    -11.341241
   2.17796    -11.387407
   2.15297    -11.444496
   2.12799    -11.509120
   2.10300    -11.579069
   2.07802    -11.653074
   2.05303    -11.730483
   2.02804    -11.811014
   2.00306    -11.894606
   1.97807    -11.981294
   1.95308    -12.071057
   1.92810    -12.163623
   1.90311    -12.258328
   1.87812    -12.353771
   1.85314    -12.447128
   1.82815    -12.532649
   1.80316    -12.598449
   1.77818    -12.624641
   1.77818    -12.624641
   1.75845    -12.621538
   1.73872    -12.612490
   1.71900    -12.598196
   1.69927    -12.579581
   1.67954    -12.557623
   1.65982    -12.533198
   1.64009    -12.507052
   1.62036    -12.479790
   1.60064    -12.451865
   1.58091    -12.423649
   1.56118    -12.395416
   1.54146    -12.367390
   1.52173    -12.339779
   1.50200    -12.312789
   1.48228    -12.286760
   1.46255    -12.262354
   1.44282    -12.241038
   1.42310    -12.226490
   1.40337    -12.226921
   1.40337    -12.226921
   1.39246    -12.255283
   1.38155    -12.283777
   1.37064    -12.312419
   1.35972    -12.341250
   1.34881    -12.370286
   1.33790    -12.399563
   1.32699    -12.429117
   1.31608    -12.458966
   1.30517    -12.489196
   1.29426    -12.519930
   1.28334    -12.551744
   1.27243    -12.587344
   1.26152    -12.625397
   1.25061    -12.661590
   1.23970    -12.694320
   1.22879    -12.722273
   1.21788    -12.743961
   1.20696    -12.775608
   1.19605    -12.805588
   1.19605    -12.805588
   1.15818    -12.793386
   1.12030    -12.760385
   1.08242    -12.711674
   1.04455    -12.651642
   1.00667    -12.582898
   0.96880    -12.506784
   0.93092    -12.424049
   0.89305    -12.335141
   0.85517    -12.240510
   0.81729    -12.140641
   0.77942    -12.036207
   0.74154    -11.928056
   0.70367    -11.817356
   0.66579    -11.705694
   0.62792    -11.595373
   0.59004    -11.490096
   0.55216    -11.396431
   0.51429    -11.326657
   0.47641    -11.299591
   0.47641    -11.299591
   0.45134    -11.310711
   0.42626    -11.342014
   0.40119    -11.388834
   0.37612    -11.446498
   0.35104    -11.511503
   0.32597    -11.581626
   0.30089    -11.655596
   0.27582    -11.732741
   0.25074    -11.812833
   0.22567    -11.895886
   0.20059    -11.981999
   0.17552    -12.071248
   0.15045    -12.163512
   0.12537    -12.258312
   0.10030    -12.354473
   0.07522    -12.449495
   0.05015    -12.537948
   0.02507    -12.607722
   0.00000    -12.636230
 
# Band-Index    7
   0.00000    -11.119829
   0.02507    -11.115700
   0.05015    -11.103432
   0.07522    -11.083455
   0.10030    -11.056508
   0.12537    -11.023731
   0.15045    -10.986648
   0.17552    -10.947159
   0.20059    -10.907369
   0.22567    -10.869384
   0.25074    -10.834930
   0.27582    -10.805205
   0.30089    -10.780808
   0.32597    -10.762018
   0.35104    -10.749055
   0.37612    -10.742221
   0.40119    -10.741753
   0.42626    -10.746715
   0.45134    -10.753493
   0.47641    -10.756669
   0.47641    -10.756669
   0.51429    -10.732435
   0.55216    -10.671212
   0.59004    -10.591925
   0.62792    -10.557543
   0.66579    -10.576912
   0.70367    -10.629037
   0.74154    -10.722342
   0.77942    -10.850195
   0.81729    -11.000521
   0.85517    -11.164391
   0.89305    -11.336444
   0.93092    -11.513567
   0.96880    -11.693771
   1.00667    -11.875785
   1.04455    -12.058670
   1.08242    -12.241732
   1.12030    -12.424353
   1.15818    -12.605646
   1.19605    -12.762609
   1.19605    -12.762609
   1.20696    -12.757824
   1.21788    -12.742091
   1.22879    -12.708900
   1.23970    -12.676093
   1.25061    -12.643631
   1.26152    -12.611374
   1.27243    -12.578625
   1.28334    -12.541716
   1.29426    -12.499809
   1.30517    -12.455919
   1.31608    -12.410887
   1.32699    -12.365042
   1.33790    -12.318581
   1.34881    -12.271645
   1.35972    -12.224348
   1.37064    -12.176775
   1.38155    -12.129023
   1.39246    -12.081131
   1.40337    -12.033176
   1.40337    -12.033176
   1.42310    -11.995149
   1.44282    -11.942542
   1.46255    -11.883950
   1.48228    -11.823279
   1.50200    -11.762195
   1.52173    -11.701460
   1.54146    -11.641443
   1.56118    -11.582331
   1.58091    -11.524256
   1.60064    -11.467348
   1.62036    -11.411765
   1.64009    -11.357791
   1.65982    -11.305850
   1.67954    -11.256667
   1.69927    -11.211331
   1.71900    -11.171549
   1.73872    -11.139695
   1.75845    -11.118716
   1.77818    -11.111339
   1.77818    -11.111339
   1.80316    -11.107409
   1.82815    -11.095754
   1.85314    -11.076756
   1.87812    -11.051080
   1.90311    -11.019773
   1.92810    -10.984225
   1.95308    -10.946184
   1.97807    -10.907625
   2.00306    -10.870554
   2.02804    -10.836685
   2.05303    -10.807219
   2.07802    -10.782900
   2.10300    -10.764061
   2.12799    -10.750954
   2.15297    -10.743914
   2.17796    -10.743109
   2.20295    -10.747555
   2.22793    -10.753753
   2.25292    -10.756669
   2.25292    -10.756669
   2.29237    -10.733967
   2.33183    -10.681040
   2.37128    -10.625592
   2.41073    -10.585708
   2.45019    -10.568831
   2.48964    -10.614822
   2.52909    -10.725377
   2.56855    -10.865346
   2.60800    -11.017050
   2.64745    -11.171090
   2.68691    -11.321516
   2.72636    -11.464079
   2.76581    -11.595625
   2.80527    -11.714060
   2.84472    -11.818322
   2.88417    -11.908156
   2.92363    -11.982928
   2.96308    -12.036481
   3.00253    -12.033176
 
# Band-Index    8
   3.00253     -9.891334
   2.96308     -9.920993
   2.92363     -9.956924
   2.88417     -9.997720
   2.84472    -10.044108
   2.80527    -10.096026
   2.76581    -10.151994
   2.72636    -10.209704
   2.68691    -10.266863
   2.64745    -10.321545
   2.60800    -10.372302
   2.56855    -10.418056
   2.52909    -10.457702
   2.48964    -10.488253
   2.45019    -10.497074
   2.41073    -10.501006
   2.37128    -10.525202
   2.33183    -10.548062
   2.29237    -10.560859
   2.25292    -10.564848
   2.25292    -10.564848
   2.22793    -10.559893
   2.20295    -10.544912
   2.17796    -10.520737
   2.15297    -10.490969
   2.12799    -10.461606
   2.10300    -10.439119
   2.07802    -10.428178
   2.05303    -10.429935
   2.02804    -10.441984
   2.00306    -10.460166
   1.97807    -10.480568
   1.95308    -10.500479
   1.92810    -10.518378
   1.90311    -10.533578
   1.87812    -10.545898
   1.85314    -10.555340
   1.82815    -10.561989
   1.80316    -10.565936
   1.77818    -10.567259
   1.77818    -10.567259
   1.75845    -10.559337
   1.73872    -10.536758
   1.71900    -10.502306
   1.69927    -10.459053
   1.67954    -10.409576
   1.65982    -10.355810
   1.64009    -10.299213
   1.62036    -10.240933
   1.60064    -10.181991
   1.58091    -10.123483
   1.56118    -10.066681
   1.54146    -10.013253
   1.52173     -9.965415
   1.50200     -9.925913
   1.48228     -9.897441
   1.46255     -9.881398
   1.44282     -9.876866
   1.42310     -9.881173
   1.40337     -9.891334
   1.40337     -9.891334
   1.39246     -9.913635
   1.38155     -9.936184
   1.37064     -9.958609
   1.35972     -9.980617
   1.34881    -10.001963
   1.33790    -10.022467
   1.32699    -10.041949
   1.31608    -10.060284
   1.30517    -10.077366
   1.29426    -10.093083
   1.28334    -10.107352
   1.27243    -10.120111
   1.26152    -10.131290
   1.25061    -10.140833
   1.23970    -10.148701
   1.22879    -10.154859
   1.21788    -10.159280
   1.20696    -10.161941
   1.19605    -10.162826
   1.19605    -10.162826
   1.15818    -10.159647
   1.12030    -10.150560
   1.08242    -10.136976
   1.04455    -10.121155
   1.00667    -10.106126
   0.96880    -10.095441
   0.93092    -10.092763
   0.89305    -10.101246
   0.85517    -10.123053
   0.81729    -10.158962
   0.77942    -10.208492
   0.74154    -10.270204
   0.70367    -10.342109
   0.66579    -10.421760
   0.62792    -10.506175
   0.59004    -10.554948
   0.55216    -10.559048
   0.51429    -10.563197
   0.47641    -10.564848
   0.47641    -10.564848
   0.45134    -10.559641
   0.42626    -10.543837
   0.40119    -10.518184
   0.37612    -10.486367
   0.35104    -10.454754
   0.32597    -10.430313
   0.30089    -10.418299
   0.27582    -10.420140
   0.25074    -10.433239
   0.22567    -10.453000
   0.20059    -10.475085
   0.17552    -10.496505
   0.15045    -10.515631
   0.12537    -10.531792
   0.10030    -10.544820
   0.07522    -10.554769
   0.05015    -10.561760
   0.02507    -10.565905
   0.00000    -10.567279
 
# Band-Index    9
   0.00000     -9.022285
   0.02507     -9.035636
   0.05015     -9.073390
   0.07522     -9.130107
   0.10030     -9.199821
   0.12537     -9.277458
   0.15045     -9.359003
   0.17552     -9.441154
   0.20059     -9.520824
   0.22567     -9.594761
   0.25074     -9.659230
   0.27582     -9.710029
   0.30089     -9.743403
   0.32597     -9.757961
   0.35104     -9.756182
   0.37612     -9.743585
   0.40119     -9.726554
   0.42626     -9.710542
   0.45134     -9.699439
   0.47641     -9.695495
   0.47641     -9.695495
   0.51429     -9.714239
   0.55216     -9.767032
   0.59004     -9.844552
   0.62792     -9.933172
   0.66579    -10.014945
   0.70367    -10.069278
   0.74154    -10.083958
   0.77942    -10.063017
   0.81729    -10.016792
   0.85517     -9.953237
   0.89305     -9.877145
   0.93092     -9.791549
   0.96880     -9.698768
   1.00667     -9.601151
   1.04455     -9.501626
   1.08242     -9.404691
   1.12030     -9.317850
   1.15818     -9.253864
   1.19605     -9.229490
   1.19605     -9.229490
   1.20696     -9.229935
   1.21788     -9.231260
   1.22879     -9.233467
   1.23970     -9.236535
   1.25061     -9.240448
   1.26152     -9.245171
   1.27243     -9.250679
   1.28334     -9.256937
   1.29426     -9.263913
   1.30517     -9.271553
   1.31608     -9.279813
   1.32699     -9.288654
   1.33790     -9.298016
   1.34881     -9.307870
   1.35972     -9.318152
   1.37064     -9.328824
   1.38155     -9.339841
   1.39246     -9.351154
   1.40337     -9.362717
   1.40337     -9.362717
   1.42310     -9.378002
   1.44282     -9.402254
   1.46255     -9.423846
   1.48228     -9.434948
   1.50200     -9.432205
   1.52173     -9.415951
   1.54146     -9.388508
   1.56118     -9.352676
   1.58091     -9.311080
   1.60064     -9.266143
   1.62036     -9.220220
   1.64009     -9.175724
   1.65982     -9.134974
   1.67954     -9.099880
   1.69927     -9.071541
   1.71900     -9.050201
   1.73872     -9.035505
   1.75845     -9.026941
   1.77818     -9.024137
   1.77818     -9.024137
   1.80316     -9.037468
   1.82815     -9.075074
   1.85314     -9.131372
   1.87812     -9.200320
   1.90311     -9.276892
   1.92810     -9.357159
   1.95308     -9.437874
   1.97807     -9.516041
   2.00306     -9.588548
   2.02804     -9.651820
   2.05303     -9.701978
   2.07802     -9.735568
   2.10300     -9.751274
   2.12799     -9.751194
   2.15297     -9.740356
   2.17796     -9.724789
   2.20295     -9.709796
   2.22793     -9.699260
   2.25292     -9.695495
   2.25292     -9.695495
   2.29237     -9.713911
   2.33183     -9.764720
   2.37128     -9.834778
   2.41073     -9.901614
   2.45019     -9.935196
   2.48964     -9.918529
   2.52909     -9.864848
   2.56855     -9.795762
   2.60800     -9.725843
   2.64745     -9.663538
   2.68691     -9.613106
   2.72636     -9.575100
   2.76581     -9.546494
   2.80527     -9.521789
   2.84472     -9.494835
   2.88417     -9.461136
   2.92363     -9.420024
   2.96308     -9.378190
   3.00253     -9.362717
 
# Band-Index   10
   3.00253     -9.172345
   2.96308     -9.099169
   2.92363     -8.984108
   2.88417     -8.860761
   2.84472     -8.742982
   2.80527     -8.641120
   2.76581     -8.564356
   2.72636     -8.515374
   2.68691     -8.485265
   2.64745     -8.460096
   2.60800     -8.430777
   2.56855     -8.395280
   2.52909     -8.356588
   2.48964     -8.319932
   2.45019     -8.289959
   2.41073     -8.267853
   2.37128     -8.250564
   2.33183     -8.233634
   2.29237     -8.216512
   2.25292     -8.207955
   2.25292     -8.207955
   2.22793     -8.225770
   2.20295     -8.265848
   2.17796     -8.311197
   2.15297     -8.354165
   2.12799     -8.392074
   2.10300     -8.424242
   2.07802     -8.450859
   2.05303     -8.472482
   2.02804     -8.489803
   2.00306     -8.503485
   1.97807     -8.514163
   1.95308     -8.522369
   1.92810     -8.528541
   1.90311     -8.533023
   1.87812     -8.536076
   1.85314     -8.537913
   1.82815     -8.538740
   1.80316     -8.538897
   1.77818     -8.538871
   1.77818     -8.538871
   1.75845     -8.557645
   1.73872     -8.602376
   1.71900     -8.656861
   1.69927     -8.712335
   1.67954     -8.764639
   1.65982     -8.811937
   1.64009     -8.853967
   1.62036     -8.891540
   1.60064     -8.925934
   1.58091     -8.958379
   1.56118     -8.989820
   1.54146     -9.020843
   1.52173     -9.051684
   1.50200     -9.082237
   1.48228     -9.111982
   1.46255     -9.139746
   1.44282     -9.163053
   1.42310     -9.176769
   1.40337     -9.172345
   1.40337     -9.172345
   1.39246     -9.138531
   1.38155     -9.103118
   1.37064     -9.066449
   1.35972     -9.028781
   1.34881     -8.990300
   1.33790     -8.951187
   1.32699     -8.911548
   1.31608     -8.871504
   1.30517     -8.831162
   1.29426     -8.790601
   1.28334     -8.749930
   1.27243     -8.709261
   1.26152     -8.668750
   1.25061     -8.628628
   1.23970     -8.589302
   1.22879     -8.551556
   1.21788     -8.517104
   1.20696     -8.490089
   1.19605     -8.478978
   1.19605     -8.478978
   1.15818     -8.451221
   1.12030     -8.377181
   1.08242     -8.393559
   1.04455     -8.432516
   1.00667     -8.469444
   0.96880     -8.498749
   0.93092     -8.515829
   0.89305     -8.517450
   0.85517     -8.502252
   0.81729     -8.470988
   0.77942     -8.426619
   0.74154     -8.374059
   0.70367     -8.319990
   0.66579     -8.272112
   0.62792     -8.237089
   0.59004     -8.217281
   0.55216     -8.209496
   0.51429     -8.207924
   0.47641     -8.207955
   0.47641     -8.207955
   0.45134     -8.226925
   0.42626     -8.269396
   0.40119     -8.317368
   0.37612     -8.362862
   0.35104     -8.403048
   0.32597     -8.437190
   0.30089     -8.465454
   0.27582     -8.488383
   0.25074     -8.506666
   0.22567     -8.520996
   0.20059     -8.532001
   0.17552     -8.540205
   0.15045     -8.545999
   0.12537     -8.549664
   0.10030     -8.551354
   0.07522     -8.551202
   0.05015     -8.549511
   0.02507     -8.547255
   0.00000     -8.546152
 
# Band-Index   11
   0.00000     -8.268400
   0.02507     -8.256245
   0.05015     -8.223058
   0.07522     -8.175812
   0.10030     -8.121103
   0.12537     -8.063710
   0.15045     -8.006780
   0.17552     -7.952309
   0.20059     -7.901559
   0.22567     -7.855352
   0.25074     -7.814399
   0.27582     -7.779591
   0.30089     -7.752516
   0.32597     -7.736373
   0.35104     -7.737241
   0.37612     -7.762658
   0.40119     -7.812160
   0.42626     -7.872770
   0.45134     -7.926350
   0.47641     -7.949533
   0.47641     -7.949534
   0.51429     -7.930879
   0.55216     -7.877963
   0.59004     -7.798552
   0.62792     -7.702805
   0.66579     -7.604082
   0.70367     -7.548951
   0.74154     -7.497267
   0.77942     -7.437410
   0.81729     -7.460899
   0.85517     -7.541134
   0.89305     -7.647659
   0.93092     -7.768529
   0.96880     -7.896487
   1.00667     -8.026519
   1.04455     -8.154070
   1.08242     -8.273658
   1.12030     -8.358713
   1.15818     -8.334520
   1.19605     -8.325782
   1.19605     -8.325782
   1.20696     -8.314629
   1.21788     -8.287488
   1.22879     -8.252829
   1.23970     -8.214784
   1.25061     -8.175079
   1.26152     -8.134489
   1.27243     -8.093391
   1.28334     -8.052025
   1.29426     -8.010525
   1.30517     -7.968973
   1.31608     -7.927454
   1.32699     -7.886022
   1.33790     -7.844726
   1.34881     -7.803615
   1.35972     -7.762729
   1.37064     -7.722112
   1.38155     -7.681809
   1.39246     -7.641874
   1.40337     -7.602358
   1.40337     -7.602358
   1.42310     -7.587721
   1.44282     -7.579923
   1.46255     -7.578601
   1.48228     -7.583302
   1.50200     -7.593830
   1.52173     -7.610311
   1.54146     -7.633192
   1.56118     -7.663011
   1.58091     -7.700202
   1.60064     -7.744861
   1.62036     -7.796621
   1.64009     -7.854676
   1.65982     -7.917868
   1.67954     -7.984723
   1.69927     -8.053421
   1.71900     -8.121461
   1.73872     -8.184643
   1.75845     -8.234448
   1.77818     -8.254885
   1.77818     -8.254885
   1.80316     -8.243585
   1.82815     -8.212304
   1.85314     -8.166942
   1.87812     -8.113535
   1.90311     -8.056790
   1.92810     -7.999949
   1.95308     -7.945165
   1.97807     -7.893839
   2.00306     -7.846947
   2.02804     -7.805269
   2.05303     -7.769816
   2.07802     -7.742339
   2.10300     -7.726436
   2.12799     -7.729091
   2.15297     -7.758310
   2.17796     -7.811431
   2.20295     -7.873522
   2.22793     -7.926847
   2.25292     -7.949534
   2.25292     -7.949534
   2.29237     -7.922960
   2.33183     -7.859458
   2.37128     -7.794653
   2.41073     -7.767668
   2.45019     -7.772406
   2.48964     -7.781724
   2.52909     -7.787692
   2.56855     -7.794861
   2.60800     -7.811442
   2.64745     -7.842264
   2.68691     -7.883112
   2.72636     -7.919638
   2.76581     -7.933275
   2.80527     -7.913331
   2.84472     -7.863246
   2.88417     -7.794382
   2.92363     -7.719481
   2.96308     -7.651341
   3.00253     -7.602358
 
# Band-Index   12
   3.00253     -7.225913
   2.96308     -7.235251
   2.92363     -7.225105
   2.88417     -7.202178
   2.84472     -7.173547
   2.80527     -7.145413
   2.76581     -7.122922
   2.72636     -7.108425
   2.68691     -7.099066
   2.64745     -7.088598
   2.60800     -7.077220
   2.56855     -7.086861
   2.52909     -7.150422
   2.48964     -7.257640
   2.45019     -7.377167
   2.41073     -7.482015
   2.37128     -7.538847
   2.33183     -7.540833
   2.29237     -7.524946
   2.25292     -7.517142
   2.25292     -7.517142
   2.22793     -7.517458
   2.20295     -7.517278
   2.17796     -7.512427
   2.15297     -7.494047
   2.12799     -7.451444
   2.10300     -7.384570
   2.07802     -7.303431
   2.05303     -7.216932
   2.02804     -7.130979
   2.00306     -7.050905
   1.97807     -6.984745
   1.95308     -6.946457
   1.92810     -6.943410
   1.90311     -6.960572
   1.87812     -6.982564
   1.85314     -7.002575
   1.82815     -7.017897
   1.80316     -7.027402
   1.77818     -7.030614
   1.77818     -7.030614
   1.75845     -7.031595
   1.73872     -7.034452
   1.71900     -7.038927
   1.69927     -7.044626
   1.67954     -7.051056
   1.65982     -7.057727
   1.64009     -7.064267
   1.62036     -7.070562
   1.60064     -7.076897
   1.58091     -7.083987
   1.56118     -7.092823
   1.54146     -7.104319
   1.52173     -7.118951
   1.50200     -7.136556
   1.48228     -7.156291
   1.46255     -7.176809
   1.44282     -7.196411
   1.42310     -7.213298
   1.40337     -7.225913
   1.40337     -7.225913
   1.39246     -7.241318
   1.38155     -7.256865
   1.37064     -7.272392
   1.35972     -7.287733
   1.34881     -7.302742
   1.33790     -7.317291
   1.32699     -7.331257
   1.31608     -7.344523
   1.30517     -7.356989
   1.29426     -7.368558
   1.28334     -7.379144
   1.27243     -7.388671
   1.26152     -7.397078
   1.25061     -7.404292
   1.23970     -7.410269
   1.22879     -7.414966
   1.21788     -7.418344
   1.20696     -7.420387
   1.19605     -7.421068
   1.19605     -7.421068
   1.15818     -7.411839
   1.12030     -7.386167
   1.08242     -7.349299
   1.04455     -7.308169
   1.00667     -7.270623
   0.96880     -7.245312
   0.93092     -7.240724
   0.89305     -7.261848
   0.85517     -7.306600
   0.81729     -7.366668
   0.77942     -7.418774
   0.74154     -7.439695
   0.70367     -7.505154
   0.66579     -7.575298
   0.62792     -7.586817
   0.59004     -7.574365
   0.55216     -7.549598
   0.51429     -7.526467
   0.47641     -7.517142
   0.47641     -7.517142
   0.45134     -7.516926
   0.42626     -7.514967
   0.40119     -7.506582
   0.37612     -7.482688
   0.35104     -7.434622
   0.32597     -7.364518
   0.30089     -7.281970
   0.27582     -7.195059
   0.25074     -7.109531
   0.22567     -7.031149
   0.20059     -6.969252
   0.17552     -6.938693
   0.15045     -6.942919
   0.12537     -6.964492
   0.10030     -6.989292
   0.07522     -7.011278
   0.05015     -7.027971
   0.02507     -7.038280
   0.00000     -7.041759
 
# Band-Index   13
   0.00000     -6.463979
   0.02507     -6.474002
   0.05015     -6.497644
   0.07522     -6.532203
   0.10030     -6.576038
   0.12537     -6.625835
   0.15045     -6.674667
   0.17552     -6.707724
   0.20059     -6.707096
   0.22567     -6.675998
   0.25074     -6.629151
   0.27582     -6.575737
   0.30089     -6.521228
   0.32597     -6.470834
   0.35104     -6.430321
   0.37612     -6.400522
   0.40119     -6.376110
   0.42626     -6.353632
   0.45134     -6.334286
   0.47641     -6.325521
   0.47641     -6.325521
   0.51429     -6.321021
   0.55216     -6.320549
   0.59004     -6.373244
   0.62792     -6.462559
   0.66579     -6.550337
   0.70367     -6.625632
   0.74154     -6.672453
   0.77942     -6.671821
   0.81729     -6.617593
   0.85517     -6.560931
   0.89305     -6.569713
   0.93092     -6.556160
   0.96880     -6.519612
   1.00667     -6.466515
   1.04455     -6.406393
   1.08242     -6.348471
   1.12030     -6.300555
   1.15818     -6.268933
   1.19605     -6.257871
   1.19605     -6.257871
   1.20696     -6.258174
   1.21788     -6.259076
   1.22879     -6.260584
   1.23970     -6.262708
   1.25061     -6.265457
   1.26152     -6.268841
   1.27243     -6.272869
   1.28334     -6.277560
   1.29426     -6.282922
   1.30517     -6.288967
   1.31608     -6.295708
   1.32699     -6.303151
   1.33790     -6.311297
   1.34881     -6.320145
   1.35972     -6.329685
   1.37064     -6.339880
   1.38155     -6.350692
   1.39246     -6.362062
   1.40337     -6.373903
   1.40337     -6.373903
   1.42310     -6.383282
   1.44282     -6.411279
   1.46255     -6.450417
   1.48228     -6.492986
   1.50200     -6.534064
   1.52173     -6.570454
   1.54146     -6.599993
   1.56118     -6.621362
   1.58091     -6.634175
   1.60064     -6.638877
   1.62036     -6.636427
   1.64009     -6.627919
   1.65982     -6.614340
   1.67954     -6.596424
   1.69927     -6.574674
   1.71900     -6.549491
   1.73872     -6.521390
   1.75845     -6.491806
   1.77818     -6.472084
   1.77818     -6.472084
   1.80316     -6.483450
   1.82815     -6.511045
   1.85314     -6.549430
   1.87812     -6.595984
   1.90311     -6.647137
   1.92810     -6.695273
   1.95308     -6.724374
   1.97807     -6.718932
   2.00306     -6.686015
   2.02804     -6.639253
   2.05303     -6.586201
   2.07802     -6.531088
   2.10300     -6.477377
   2.12799     -6.429351
   2.15297     -6.392004
   2.17796     -6.365622
   2.20295     -6.345787
   2.22793     -6.331292
   2.25292     -6.325521
   2.25292     -6.325521
   2.29237     -6.326863
   2.33183     -6.337093
   2.37128     -6.386555
   2.41073     -6.478086
   2.45019     -6.573638
   2.48964     -6.660887
   2.52909     -6.723435
   2.56855     -6.735392
   2.60800     -6.699849
   2.64745     -6.674017
   2.68691     -6.671498
   2.72636     -6.668397
   2.76581     -6.650906
   2.80527     -6.616162
   2.84472     -6.567721
   2.88417     -6.511397
   2.92363     -6.453293
   2.96308     -6.401151
   3.00253     -6.373903
 
# Band-Index   14
   3.00253     -6.174575
   2.96308     -6.096684
   2.92363     -6.006102
   2.88417     -5.933209
   2.84472     -5.918338
   2.80527     -5.982468
   2.76581     -6.083523
   2.72636     -6.197920
   2.68691     -6.314212
   2.64745     -6.415876
   2.60800     -6.472482
   2.56855     -6.474764
   2.52909     -6.451133
   2.48964     -6.420213
   2.45019     -6.389194
   2.41073     -6.361006
   2.37128     -6.334132
   2.33183     -6.279227
   2.29237     -6.211021
   2.25292     -6.216720
   2.25292     -6.216720
   2.22793     -6.224102
   2.20295     -6.247195
   2.17796     -6.280494
   2.15297     -6.315343
   2.12799     -6.343097
   2.10300     -6.361539
   2.07802     -6.373827
   2.05303     -6.382505
   2.02804     -6.388872
   2.00306     -6.393662
   1.97807     -6.397364
   1.95308     -6.400374
   1.92810     -6.403038
   1.90311     -6.405720
   1.87812     -6.408847
   1.85314     -6.412918
   1.82815     -6.418452
   1.80316     -6.425371
   1.77818     -6.429684
   1.77818     -6.429684
   1.75845     -6.407266
   1.73872     -6.369668
   1.71900     -6.328334
   1.69927     -6.284858
   1.67954     -6.239991
   1.65982     -6.194450
   1.64009     -6.149514
   1.62036     -6.108365
   1.60064     -6.080103
   1.58091     -6.075259
   1.56118     -6.086248
   1.54146     -6.103362
   1.52173     -6.122883
   1.50200     -6.143221
   1.48228     -6.163134
   1.46255     -6.180841
   1.44282     -6.192876
   1.42310     -6.192888
   1.40337     -6.174575
   1.40337     -6.174575
   1.39246     -6.132258
   1.38155     -6.090227
   1.37064     -6.048609
   1.35972     -6.007537
   1.34881     -5.967147
   1.33790     -5.927598
   1.32699     -5.889067
   1.31608     -5.851758
   1.30517     -5.815902
   1.29426     -5.781770
   1.28334     -5.749667
   1.27243     -5.719944
   1.26152     -5.692985
   1.25061     -5.669196
   1.23970     -5.648998
   1.22879     -5.632790
   1.21788     -5.620928
   1.20696     -5.613692
   1.19605     -5.611259
   1.19605     -5.611259
   1.15818     -5.630830
   1.12030     -5.688713
   1.08242     -5.778825
   1.04455     -5.890531
   1.00667     -6.014682
   0.96880     -6.145063
   0.93092     -6.276896
   0.89305     -6.405102
   0.85517     -6.522072
   0.81729     -6.533941
   0.77942     -6.498240
   0.74154     -6.458436
   0.70367     -6.418742
   0.66579     -6.382138
   0.62792     -6.350925
   0.59004     -6.326799
   0.55216     -6.283123
   0.51429     -6.220971
   0.47641     -6.216720
   0.47641     -6.216720
   0.45134     -6.209844
   0.42626     -6.225445
   0.40119     -6.262236
   0.37612     -6.304911
   0.35104     -6.345355
   0.32597     -6.375882
   0.30089     -6.395623
   0.27582     -6.408585
   0.25074     -6.417629
   0.22567     -6.424167
   0.20059     -6.428988
   0.17552     -6.432568
   0.15045     -6.435246
   0.12537     -6.437325
   0.10030     -6.439057
   0.07522     -6.440763
   0.05015     -6.442925
   0.02507     -6.446209
   0.00000     -6.449285
 
# Band-Index   15
   0.00000     -5.909428
   0.02507     -5.911762
   0.05015     -5.918604
   0.07522     -5.929514
   0.10030     -5.943844
   0.12537     -5.960827
   0.15045     -5.979667
   0.17552     -5.999604
   0.20059     -6.019948
   0.22567     -6.040100
   0.25074     -6.059551
   0.27582     -6.077877
   0.30089     -6.094730
   0.32597     -6.109825
   0.35104     -6.122937
   0.37612     -6.133886
   0.40119     -6.142533
   0.42626     -6.165694
   0.45134     -6.184490
   0.47641     -6.180182
   0.47641     -6.180182
   0.51429     -6.193001
   0.55216     -6.152039
   0.59004     -6.129469
   0.62792     -6.110730
   0.66579     -6.086905
   0.70367     -6.058211
   0.74154     -6.024930
   0.77942     -5.987425
   0.81729     -5.946154
   0.85517     -5.901704
   0.89305     -5.854824
   0.93092     -5.806466
   0.96880     -5.757852
   1.00667     -5.710539
   1.04455     -5.666476
   1.08242     -5.628012
   1.12030     -5.597772
   1.15818     -5.578316
   1.19605     -5.571586
   1.19605     -5.571586
   1.20696     -5.572706
   1.21788     -5.576031
   1.22879     -5.581462
   1.23970     -5.588847
   1.25061     -5.597997
   1.26152     -5.608703
   1.27243     -5.620748
   1.28334     -5.633922
   1.29426     -5.648031
   1.30517     -5.662893
   1.31608     -5.678352
   1.32699     -5.694265
   1.33790     -5.710510
   1.34881     -5.726982
   1.35972     -5.743590
   1.37064     -5.760253
   1.38155     -5.776906
   1.39246     -5.793486
   1.40337     -5.809944
   1.40337     -5.809944
   1.42310     -5.818573
   1.44282     -5.827365
   1.46255     -5.836165
   1.48228     -5.844836
   1.50200     -5.853267
   1.52173     -5.861366
   1.54146     -5.869056
   1.56118     -5.910997
   1.58091     -5.954250
   1.60064     -5.981567
   1.62036     -5.985580
   1.64009     -5.977001
   1.65982     -5.965086
   1.67954     -5.953138
   1.69927     -5.942436
   1.71900     -5.933630
   1.73872     -5.927100
   1.75845     -5.923091
   1.77818     -5.921741
   1.77818     -5.921741
   1.80316     -5.921073
   1.82815     -5.924770
   1.85314     -5.935306
   1.87812     -5.949160
   1.90311     -5.965605
   1.92810     -5.983877
   1.95308     -6.003243
   1.97807     -6.023034
   2.00306     -6.042664
   2.02804     -6.061633
   2.05303     -6.079523
   2.07802     -6.095989
   2.10300     -6.110749
   2.12799     -6.123578
   2.15297     -6.134294
   2.17796     -6.142764
   2.20295     -6.151292
   2.22793     -6.172990
   2.25292     -6.180182
   2.25292     -6.180182
   2.29237     -6.198281
   2.33183     -6.143454
   2.37128     -6.127178
   2.41073     -6.106867
   2.45019     -6.081321
   2.48964     -6.051034
   2.52909     -6.016683
   2.56855     -5.979191
   2.60800     -5.939791
   2.64745     -5.900107
   2.68691     -5.862184
   2.72636     -5.828414
   2.76581     -5.801259
   2.80527     -5.782709
   2.84472     -5.773675
   2.88417     -5.773690
   2.92363     -5.781157
   2.96308     -5.793946
   3.00253     -5.809944
 
# Band-Index   16
   3.00253     -5.482342
   2.96308     -5.534644
   2.92363     -5.610226
   2.88417     -5.678961
   2.84472     -5.708501
   2.80527     -5.682055
   2.76581     -5.643129
   2.72636     -5.613541
   2.68691     -5.598281
   2.64745     -5.597888
   2.60800     -5.611871
   2.56855     -5.640349
   2.52909     -5.685542
   2.48964     -5.752799
   2.45019     -5.845383
   2.41073     -5.952988
   2.37128     -6.057535
   2.33183     -6.141907
   2.29237     -6.150831
   2.25292     -6.153822
   2.25292     -6.153822
   2.22793     -6.152584
   2.20295     -6.148884
   2.17796     -6.120316
   2.15297     -6.085309
   2.12799     -6.049948
   2.10300     -6.017032
   2.07802     -5.988435
   2.05303     -5.964996
   2.02804     -5.946709
   2.00306     -5.933126
   1.97807     -5.923648
   1.95308     -5.917674
   1.92810     -5.914629
   1.90311     -5.913928
   1.87812     -5.914955
   1.85314     -5.917006
   1.82815     -5.919298
   1.80316     -5.918170
   1.77818     -5.915920
   1.77818     -5.915920
   1.75845     -5.915585
   1.73872     -5.914579
   1.71900     -5.912904
   1.69927     -5.910562
   1.67954     -5.907559
   1.65982     -5.903901
   1.64009     -5.899599
   1.62036     -5.894664
   1.60064     -5.889115
   1.58091     -5.882975
   1.56118     -5.876276
   1.54146     -5.861268
   1.52173     -5.808472
   1.50200     -5.753760
   1.48228     -5.697599
   1.46255     -5.640301
   1.44282     -5.582293
   1.42310     -5.525079
   1.40337     -5.482342
   1.40337     -5.482342
   1.39246     -5.456169
   1.38155     -5.429314
   1.37064     -5.401909
   1.35972     -5.374120
   1.34881     -5.347590
   1.33790     -5.332493
   1.32699     -5.318378
   1.31608     -5.304786
   1.30517     -5.291682
   1.29426     -5.279047
   1.28334     -5.266857
   1.27243     -5.255147
   1.26152     -5.243966
   1.25061     -5.233454
   1.23970     -5.223852
   1.22879     -5.215542
   1.21788     -5.209006
   1.20696     -5.204791
   1.19605     -5.203325
   1.19605     -5.203325
   1.15818     -5.242339
   1.12030     -5.293895
   1.08242     -5.329886
   1.04455     -5.353841
   1.00667     -5.372008
   0.96880     -5.388618
   0.93092     -5.406273
   0.89305     -5.426645
   0.85517     -5.450966
   0.81729     -5.480153
   0.77942     -5.514954
   0.74154     -5.559185
   0.70367     -5.692051
   0.66579     -5.829928
   0.62792     -5.957909
   0.59004     -6.068741
   0.55216     -6.142962
   0.51429     -6.151100
   0.47641     -6.153822
   0.47641     -6.153822
   0.45134     -6.152557
   0.42626     -6.148781
   0.40119     -6.128286
   0.37612     -6.086487
   0.35104     -6.044734
   0.32597     -6.006243
   0.30089     -5.973239
   0.27582     -5.946581
   0.25074     -5.926007
   0.22567     -5.910732
   0.20059     -5.899858
   0.17552     -5.892594
   0.15045     -5.888256
   0.12537     -5.886247
   0.10030     -5.885964
   0.07522     -5.886787
   0.05015     -5.888050
   0.02507     -5.889130
   0.00000     -5.889549
 
# Band-Index   17
   0.00000     -4.773373
   0.02507     -4.793277
   0.05015     -4.844712
   0.07522     -4.914609
   0.10030     -4.994745
   0.12537     -5.080660
   0.15045     -5.169606
   0.17552     -5.259532
   0.20059     -5.348677
   0.22567     -5.435375
   0.25074     -5.517936
   0.27582     -5.594627
   0.30089     -5.663831
   0.32597     -5.724441
   0.35104     -5.776360
   0.37612     -5.820480
   0.40119     -5.857851
   0.42626     -5.888405
   0.45134     -5.909796
   0.47641     -5.917754
   0.47641     -5.917754
   0.51429     -5.892683
   0.55216     -5.837470
   0.59004     -5.774393
   0.62792     -5.712192
   0.66579     -5.654064
   0.70367     -5.601214
   0.74154     -5.544445
   0.77942     -5.404291
   0.81729     -5.263366
   0.85517     -5.128746
   0.89305     -5.004824
   0.93092     -4.897884
   0.96880     -4.818127
   1.00667     -4.853933
   1.04455     -4.889025
   1.08242     -4.916362
   1.12030     -4.935913
   1.15818     -5.020324
   1.19605     -5.074553
   1.19605     -5.074553
   1.20696     -5.076522
   1.21788     -5.082372
   1.22879     -5.091949
   1.23970     -5.104990
   1.25061     -5.121158
   1.26152     -5.140069
   1.27243     -5.161319
   1.28334     -5.184524
   1.29426     -5.209309
   1.30517     -5.235329
   1.31608     -5.262269
   1.32699     -5.289846
   1.33790     -5.317787
   1.34881     -5.345414
   1.35972     -5.362085
   1.37064     -5.377773
   1.38155     -5.393974
   1.39246     -5.410690
   1.40337     -5.427912
   1.40337     -5.427912
   1.42310     -5.407747
   1.44282     -5.371986
   1.46255     -5.334089
   1.48228     -5.295331
   1.50200     -5.255960
   1.52173     -5.216038
   1.54146     -5.175626
   1.56118     -5.134810
   1.58091     -5.093719
   1.60064     -5.052560
   1.62036     -5.011603
   1.64009     -4.971228
   1.65982     -4.931948
   1.67954     -4.894476
   1.69927     -4.859813
   1.71900     -4.829353
   1.73872     -4.804966
   1.75845     -4.788929
   1.77818     -4.783291
   1.77818     -4.783291
   1.80316     -4.802548
   1.82815     -4.852739
   1.85314     -4.921408
   1.87812     -5.000351
   1.90311     -5.085007
   1.92810     -5.172542
   1.95308     -5.260911
   1.97807     -5.348404
   2.00306     -5.433449
   2.02804     -5.514520
   2.05303     -5.590151
   2.07802     -5.659023
   2.10300     -5.720204
   2.12799     -5.773439
   2.15297     -5.819116
   2.17796     -5.857708
   2.20295     -5.888762
   2.22793     -5.909999
   2.25292     -5.917754
   2.25292     -5.917754
   2.29237     -5.892153
   2.33183     -5.835714
   2.37128     -5.769575
   2.41073     -5.698862
   2.45019     -5.619248
   2.48964     -5.520539
   2.52909     -5.398557
   2.56855     -5.262038
   2.60800     -5.121990
   2.64745     -4.987461
   2.68691     -4.868360
   2.72636     -4.782651
   2.76581     -4.780883
   2.80527     -4.843652
   2.84472     -4.953789
   2.88417     -5.076139
   2.92363     -5.202513
   2.96308     -5.328085
   3.00253     -5.427912
 
# Band-Index   18
   3.00253     -4.564679
   2.96308     -4.610736
   2.92363     -4.667990
   2.88417     -4.720464
   2.84472     -4.759405
   2.80527     -4.780201
   2.76581     -4.770313
   2.72636     -4.761537
   2.68691     -4.723672
   2.64745     -4.669471
   2.60800     -4.601186
   2.56855     -4.520827
   2.52909     -4.430083
   2.48964     -4.330374
   2.45019     -4.222952
   2.41073     -4.109072
   2.37128     -3.990320
   2.33183     -3.869603
   2.29237     -3.844412
   2.25292     -3.839863
   2.25292     -3.839863
   2.22793     -3.841705
   2.20295     -3.847317
   2.17796     -3.856878
   2.15297     -3.903507
   2.12799     -3.979691
   2.10300     -4.057192
   2.07802     -4.134551
   2.05303     -4.210638
   2.02804     -4.284492
   2.00306     -4.355243
   1.97807     -4.422058
   1.95308     -4.484110
   1.92810     -4.540552
   1.90311     -4.590507
   1.87812     -4.633077
   1.85314     -4.667374
   1.82815     -4.692574
   1.80316     -4.707999
   1.77818     -4.713194
   1.77818     -4.713194
   1.75845     -4.712345
   1.73872     -4.709805
   1.71900     -4.705591
   1.69927     -4.699733
   1.67954     -4.692276
   1.65982     -4.683279
   1.64009     -4.672822
   1.62036     -4.661008
   1.60064     -4.647973
   1.58091     -4.633899
   1.56118     -4.619034
   1.54146     -4.603722
   1.52173     -4.588458
   1.50200     -4.573969
   1.48228     -4.561335
   1.46255     -4.552117
   1.44282     -4.548365
   1.42310     -4.552188
   1.40337     -4.564679
   1.40337     -4.564679
   1.39246     -4.596156
   1.38155     -4.626990
   1.37064     -4.657119
   1.35972     -4.686479
   1.34881     -4.714992
   1.33790     -4.742575
   1.32699     -4.769129
   1.31608     -4.794544
   1.30517     -4.818693
   1.29426     -4.841430
   1.28334     -4.862593
   1.27243     -4.882001
   1.26152     -4.899452
   1.25061     -4.914737
   1.23970     -4.927637
   1.22879     -4.937940
   1.21788     -4.945456
   1.20696     -4.950032
   1.19605     -4.951570
   1.19605     -4.951570
   1.15818     -4.947655
   1.12030     -4.924107
   1.08242     -4.824830
   1.04455     -4.783487
   1.00667     -4.779176
   0.96880     -4.811132
   0.93092     -4.760673
   0.89305     -4.702619
   0.85517     -4.637050
   0.81729     -4.564061
   0.77942     -4.483769
   0.74154     -4.396317
   0.70367     -4.301902
   0.66579     -4.200803
   0.62792     -4.093482
   0.59004     -3.980839
   0.55216     -3.865153
   0.51429     -3.844058
   0.47641     -3.839863
   0.47641     -3.839863
   0.45134     -3.841695
   0.42626     -3.847279
   0.40119     -3.856859
   0.37612     -3.903488
   0.35104     -3.980014
   0.32597     -4.057981
   0.30089     -4.135910
   0.27582     -4.212647
   0.25074     -4.287214
   0.22567     -4.358726
   0.20059     -4.426335
   0.17552     -4.489194
   0.15045     -4.546436
   0.12537     -4.597159
   0.10030     -4.640436
   0.07522     -4.675343
   0.05015     -4.701017
   0.02507     -4.716743
   0.00000     -4.722041
 
# Band-Index   19
   0.00000     -4.442643
   0.02507     -4.427589
   0.05015     -4.390343
   0.07522     -4.343027
   0.10030     -4.292454
   0.12537     -4.241504
   0.15045     -4.191376
   0.17552     -4.142714
   0.20059     -4.096045
   0.22567     -4.051929
   0.25074     -4.010973
   0.27582     -3.973781
   0.30089     -3.940871
   0.32597     -3.912634
   0.35104     -3.889275
   0.37612     -3.870754
   0.40119     -3.830558
   0.42626     -3.764950
   0.45134     -3.714363
   0.47641     -3.693780
   0.47641     -3.693780
   0.51429     -3.754796
   0.55216     -3.856661
   0.59004     -3.877651
   0.62792     -3.906988
   0.66579     -3.944507
   0.70367     -3.989879
   0.74154     -4.042512
   0.77942     -4.101493
   0.81729     -4.165429
   0.85517     -4.232439
   0.89305     -4.305479
   0.93092     -4.400899
   0.96880     -4.501312
   1.00667     -4.604536
   1.04455     -4.709342
   1.08242     -4.802051
   1.12030     -4.839206
   1.15818     -4.862808
   1.19605     -4.871282
   1.19605     -4.871282
   1.20696     -4.868321
   1.21788     -4.859650
   1.22879     -4.845853
   1.23970     -4.827719
   1.25061     -4.806071
   1.26152     -4.781667
   1.27243     -4.755152
   1.28334     -4.727055
   1.29426     -4.697807
   1.30517     -4.667743
   1.31608     -4.637144
   1.32699     -4.606231
   1.33790     -4.575184
   1.34881     -4.544156
   1.35972     -4.513275
   1.37064     -4.482638
   1.38155     -4.452344
   1.39246     -4.422465
   1.40337     -4.393069
   1.40337     -4.393069
   1.42310     -4.377691
   1.44282     -4.362991
   1.46255     -4.349317
   1.48228     -4.337018
   1.50200     -4.326459
   1.52173     -4.318011
   1.54146     -4.312073
   1.56118     -4.309040
   1.58091     -4.309305
   1.60064     -4.313189
   1.62036     -4.320868
   1.64009     -4.332280
   1.65982     -4.347042
   1.67954     -4.364383
   1.69927     -4.383109
   1.71900     -4.401557
   1.73872     -4.417575
   1.75845     -4.428689
   1.77818     -4.432698
   1.77818     -4.432698
   1.80316     -4.418079
   1.82815     -4.381523
   1.85314     -4.334662
   1.87812     -4.284434
   1.90311     -4.233927
   1.92810     -4.184436
   1.95308     -4.136595
   1.97807     -4.090885
   2.00306     -4.047796
   2.02804     -4.007850
   2.05303     -3.971589
   2.07802     -3.939484
   2.10300     -3.911875
   2.12799     -3.888941
   2.15297     -3.870667
   2.17796     -3.830770
   2.20295     -3.765185
   2.22793     -3.714471
   2.25292     -3.693780
   2.25292     -3.693780
   2.29237     -3.755912
   2.33183     -3.858223
   2.37128     -3.881733
   2.41073     -3.915542
   2.45019     -3.960226
   2.48964     -4.015958
   2.52909     -4.082148
   2.56855     -4.157430
   2.60800     -4.239982
   2.64745     -4.327839
   2.68691     -4.417815
   2.72636     -4.499594
   2.76581     -4.540731
   2.80527     -4.530370
   2.84472     -4.507427
   2.88417     -4.482614
   2.92363     -4.454960
   2.96308     -4.424542
   3.00253     -4.393069
 
# Band-Index   20
   3.00253     -4.228043
   2.96308     -4.216242
   2.92363     -4.174225
   2.88417     -4.115935
   2.84472     -4.138319
   2.80527     -4.187994
   2.76581     -4.216668
   2.72636     -4.214189
   2.68691     -4.182872
   2.64745     -4.131747
   2.60800     -4.069752
   2.56855     -4.003617
   2.52909     -3.937784
   2.48964     -3.874976
   2.45019     -3.817151
   2.41073     -3.766189
   2.37128     -3.724022
   2.33183     -3.692453
   2.29237     -3.672927
   2.25292     -3.666323
   2.25292     -3.666323
   2.22793     -3.668164
   2.20295     -3.673625
   2.17796     -3.682546
   2.15297     -3.694723
   2.12799     -3.709935
   2.10300     -3.727973
   2.07802     -3.748737
   2.05303     -3.772178
   2.02804     -3.798268
   2.00306     -3.826891
   1.97807     -3.857777
   1.95308     -3.890399
   1.92810     -3.923857
   1.90311     -3.956871
   1.87812     -3.987782
   1.85314     -4.014666
   1.82815     -4.035574
   1.80316     -4.048860
   1.77818     -4.053418
   1.77818     -4.053418
   1.75845     -4.052992
   1.73872     -4.051681
   1.71900     -4.049383
   1.69927     -4.045957
   1.67954     -4.041239
   1.65982     -4.035079
   1.64009     -4.027422
   1.62036     -4.018341
   1.60064     -4.008132
   1.58091     -3.997258
   1.56118     -3.986329
   1.54146     -3.976005
   1.52173     -4.003080
   1.50200     -4.060489
   1.48228     -4.112447
   1.46255     -4.157286
   1.44282     -4.192831
   1.42310     -4.216834
   1.40337     -4.228043
   1.40337     -4.228043
   1.39246     -4.238272
   1.38155     -4.247976
   1.37064     -4.257151
   1.35972     -4.265791
   1.34881     -4.273892
   1.33790     -4.281451
   1.32699     -4.288463
   1.31608     -4.294926
   1.30517     -4.300836
   1.29426     -4.306190
   1.28334     -4.310987
   1.27243     -4.315224
   1.26152     -4.318900
   1.25061     -4.322012
   1.23970     -4.324561
   1.22879     -4.326544
   1.21788     -4.327961
   1.20696     -4.328812
   1.19605     -4.329095
   1.19605     -4.329095
   1.15818     -4.319054
   1.12030     -4.326302
   1.08242     -4.360235
   1.04455     -4.395678
   1.00667     -4.415003
   0.96880     -4.401212
   0.93092     -4.357205
   0.89305     -4.295223
   0.85517     -4.208460
   0.81729     -4.119471
   0.77942     -4.035241
   0.74154     -3.956844
   0.70367     -3.885376
   0.66579     -3.822004
   0.62792     -3.767948
   0.59004     -3.724400
   0.55216     -3.692438
   0.51429     -3.672894
   0.47641     -3.666323
   0.47641     -3.666323
   0.45134     -3.668111
   0.42626     -3.673407
   0.40119     -3.682043
   0.37612     -3.693791
   0.35104     -3.708366
   0.32597     -3.725589
   0.30089     -3.745389
   0.27582     -3.767755
   0.25074     -3.792734
   0.22567     -3.820303
   0.20059     -3.850272
   0.17552     -3.882185
   0.15045     -3.915202
   0.12537     -3.948106
   0.10030     -3.979228
   0.07522     -4.006580
   0.05015     -4.028056
   0.02507     -4.041799
   0.00000     -4.046531
 
# Band-Index   21
   0.00000     -3.088263
   0.02507     -3.089100
   0.05015     -3.091608
   0.07522     -3.095782
   0.10030     -3.101628
   0.12537     -3.109178
   0.15045     -3.118503
   0.17552     -3.129721
   0.20059     -3.143011
   0.22567     -3.158616
   0.25074     -3.176848
   0.27582     -3.198080
   0.30089     -3.222734
   0.32597     -3.251227
   0.35104     -3.283876
   0.37612     -3.320696
   0.40119     -3.360966
   0.42626     -3.402235
   0.45134     -3.437797
   0.47641     -3.453300
   0.47641     -3.453300
   0.51429     -3.385958
   0.55216     -3.256638
   0.59004     -3.109449
   0.62792     -3.127506
   0.66579     -3.222586
   0.70367     -3.323098
   0.74154     -3.426570
   0.77942     -3.531221
   0.81729     -3.635622
   0.85517     -3.738503
   0.89305     -3.838614
   0.93092     -3.934622
   0.96880     -4.025014
   1.00667     -4.108008
   1.04455     -4.181478
   1.08242     -4.242941
   1.12030     -4.289677
   1.15818     -4.303280
   1.19605     -4.295228
   1.19605     -4.295228
   1.20696     -4.293531
   1.21788     -4.288501
   1.22879     -4.280312
   1.23970     -4.269248
   1.25061     -4.255631
   1.26152     -4.239830
   1.27243     -4.222202
   1.28334     -4.203104
   1.29426     -4.182856
   1.30517     -4.161749
   1.31608     -4.140035
   1.32699     -4.117944
   1.33790     -4.095666
   1.34881     -4.073366
   1.35972     -4.051189
   1.37064     -4.029252
   1.38155     -4.007668
   1.39246     -3.986517
   1.40337     -3.965876
   1.40337     -3.965876
   1.42310     -3.958064
   1.44282     -3.953730
   1.46255     -3.952742
   1.48228     -3.954848
   1.50200     -3.959718
   1.52173     -3.966939
   1.54146     -3.941396
   1.56118     -3.876252
   1.58091     -3.808224
   1.60064     -3.737740
   1.62036     -3.665128
   1.64009     -3.590661
   1.65982     -3.514583
   1.67954     -3.437136
   1.69927     -3.358605
   1.71900     -3.279424
   1.73872     -3.200541
   1.75845     -3.125492
   1.77818     -3.080518
   1.77818     -3.080518
   1.80316     -3.081375
   1.82815     -3.083945
   1.85314     -3.088219
   1.87812     -3.094201
   1.90311     -3.101921
   1.92810     -3.111452
   1.95308     -3.122916
   1.97807     -3.136499
   2.00306     -3.152454
   2.02804     -3.171101
   2.05303     -3.192826
   2.07802     -3.218055
   2.10300     -3.247209
   2.12799     -3.280596
   2.15297     -3.318205
   2.17796     -3.359281
   2.20295     -3.401316
   2.22793     -3.437513
   2.25292     -3.453300
   2.25292     -3.453300
   2.29237     -3.387904
   2.33183     -3.264646
   2.37128     -3.129888
   2.41073     -3.109051
   2.45019     -3.191499
   2.48964     -3.279290
   2.52909     -3.369244
   2.56855     -3.459878
   2.60800     -3.550211
   2.64745     -3.639504
   2.68691     -3.727136
   2.72636     -3.812522
   2.76581     -3.895034
   2.80527     -3.973914
   2.84472     -4.048112
   2.88417     -4.082694
   2.92363     -4.032016
   2.96308     -3.992187
   3.00253     -3.965876
 
# Band-Index   22
   3.00253     -1.714394
   2.96308     -1.692140
   2.92363     -1.699254
   2.88417     -1.729654
   2.84472     -1.778128
   2.80527     -1.841043
   2.76581     -1.916140
   2.72636     -2.002091
   2.68691     -2.098111
   2.64745     -2.203635
   2.60800     -2.318066
   2.56855     -2.440594
   2.52909     -2.570090
   2.48964     -2.705092
   2.45019     -2.843781
   2.41073     -2.983111
   2.37128     -3.026104
   2.33183     -2.963769
   2.29237     -2.919633
   2.25292     -2.903560
   2.25292     -2.903560
   2.22793     -2.904357
   2.20295     -2.906659
   2.17796     -2.910223
   2.15297     -2.914728
   2.12799     -2.919840
   2.10300     -2.925269
   2.07802     -2.930784
   2.05303     -2.936220
   2.02804     -2.941459
   2.00306     -2.946423
   1.97807     -2.951059
   1.95308     -2.955324
   1.92810     -2.959181
   1.90311     -2.962591
   1.87812     -2.965505
   1.85314     -2.967867
   1.82815     -2.969615
   1.80316     -2.970692
   1.77818     -2.971057
   1.77818     -2.971057
   1.75845     -2.925469
   1.73872     -2.848591
   1.71900     -2.766704
   1.69927     -2.683406
   1.67954     -2.599742
   1.65982     -2.516270
   1.64009     -2.433437
   1.62036     -2.351684
   1.60064     -2.271493
   1.58091     -2.193412
   1.56118     -2.118078
   1.54146     -2.046226
   1.52173     -1.978695
   1.50200     -1.916411
   1.48228     -1.860348
   1.46255     -1.811448
   1.44282     -1.770515
   1.42310     -1.738097
   1.40337     -1.714394
   1.40337     -1.714394
   1.39246     -1.673478
   1.38155     -1.632963
   1.37064     -1.592962
   1.35972     -1.553600
   1.34881     -1.515020
   1.33790     -1.477382
   1.32699     -1.440866
   1.31608     -1.405678
   1.30517     -1.372045
   1.29426     -1.340222
   1.28334     -1.310488
   1.27243     -1.283144
   1.26152     -1.258514
   1.25061     -1.236922
   1.23970     -1.218698
   1.22879     -1.204148
   1.21788     -1.193541
   1.20696     -1.187086
   1.19605     -1.184919
   1.19605     -1.184919
   1.15818     -1.189525
   1.12030     -1.203252
   1.08242     -1.225855
   1.04455     -1.256959
   1.00667     -1.296150
   0.96880     -1.343915
   0.93092     -1.494907
   0.89305     -1.692235
   0.85517     -1.886281
   0.81729     -2.076321
   0.77942     -2.261947
   0.74154     -2.442792
   0.70367     -2.618484
   0.66579     -2.788589
   0.62792     -2.952513
   0.59004     -3.041317
   0.55216     -2.969998
   0.51429     -2.921188
   0.47641     -2.903560
   0.47641     -2.903560
   0.45134     -2.904454
   0.42626     -2.907030
   0.40119     -2.910998
   0.37612     -2.915977
   0.35104     -2.921584
   0.32597     -2.927488
   0.30089     -2.933437
   0.27582     -2.939253
   0.25074     -2.944816
   0.22567     -2.950047
   0.20059     -2.954897
   0.17552     -2.959328
   0.15045     -2.963307
   0.12537     -2.966802
   0.10030     -2.969770
   0.07522     -2.972162
   0.05015     -2.973923
   0.02507     -2.975005
   0.00000     -2.975370
 
# Band-Index   23
   0.00000     -0.777462
   0.02507     -0.791738
   0.05015     -0.832859
   0.07522     -0.896496
   0.10030     -0.977338
   0.12537     -1.070389
   0.15045     -1.171486
   0.17552     -1.277321
   0.20059     -1.385253
   0.22567     -1.493104
   0.25074     -1.598968
   0.27582     -1.701077
   0.30089     -1.797691
   0.32597     -1.887034
   0.35104     -1.967260
   0.37612     -2.036478
   0.40119     -2.092813
   0.42626     -2.134531
   0.45134     -2.160201
   0.47641     -2.168869
   0.47641     -2.168869
   0.51429     -2.153214
   0.55216     -2.110308
   0.59004     -2.048722
   0.62792     -1.976328
   0.66579     -1.898606
   0.70367     -1.819075
   0.74154     -1.740018
   0.77942     -1.662991
   0.81729     -1.589129
   0.85517     -1.519321
   0.89305     -1.454278
   0.93092     -1.394364
   0.96880     -1.291063
   1.00667     -1.088710
   1.04455     -0.883442
   1.08242     -0.677910
   1.12030     -0.476044
   1.15818     -0.291515
   1.19605     -0.193222
   1.19605     -0.193222
   1.20696     -0.195671
   1.21788     -0.202952
   1.22879     -0.214877
   1.23970     -0.231158
   1.25061     -0.251441
   1.26152     -0.275334
   1.27243     -0.302445
   1.28334     -0.332389
   1.29426     -0.364811
   1.30517     -0.399389
   1.31608     -0.435840
   1.32699     -0.473911
   1.33790     -0.513388
   1.34881     -0.554078
   1.35972     -0.595820
   1.37064     -0.638469
   1.38155     -0.681901
   1.39246     -0.726007
   1.40337     -0.770690
   1.40337     -0.770690
   1.42310     -0.793859
   1.44282     -0.813404
   1.46255     -0.828712
   1.48228     -0.839677
   1.50200     -0.846581
   1.52173     -0.849943
   1.54146     -0.850396
   1.56118     -0.848591
   1.58091     -0.845138
   1.60064     -0.840583
   1.62036     -0.835397
   1.64009     -0.829983
   1.65982     -0.824674
   1.67954     -0.819747
   1.69927     -0.815426
   1.71900     -0.811886
   1.73872     -0.809265
   1.75845     -0.807656
   1.77818     -0.807113
   1.77818     -0.807113
   1.80316     -0.820965
   1.82815     -0.860927
   1.85314     -0.922921
   1.87812     -1.001888
   1.90311     -1.092996
   1.92810     -1.192161
   1.95308     -1.296100
   1.97807     -1.402170
   2.00306     -1.508175
   2.02804     -1.612193
   2.05303     -1.712442
   2.07802     -1.807176
   2.10300     -1.894632
   2.12799     -1.972998
   2.15297     -2.040446
   2.17796     -2.095200
   2.20295     -2.135649
   2.22793     -2.160490
   2.25292     -2.168869
   2.25292     -2.168869
   2.29237     -2.150987
   2.33183     -2.101219
   2.37128     -2.027639
   2.41073     -1.937406
   2.45019     -1.835166
   2.48964     -1.723579
   2.52909     -1.604180
   2.56855     -1.478091
   2.60800     -1.346591
   2.64745     -1.211618
   2.68691     -1.076294
   2.72636     -0.945531
   2.76581     -0.826797
   2.80527     -0.730636
   2.84472     -0.669307
   2.88417     -0.651040
   2.92363     -0.672514
   2.96308     -0.718699
   3.00253     -0.770690
 
# Band-Index   24
   3.00253      0.796859
   2.96308      0.736341
   2.92363      0.669958
   2.88417      0.625419
   2.84472      0.621919
   2.80527      0.664043
   2.76581      0.743973
   2.72636      0.849878
   2.68691      0.971867
   2.64745      1.103270
   2.60800      1.239885
   2.56855      1.379019
   2.52909      1.518710
   2.48964      1.657227
   2.45019      1.792645
   2.41073      1.922448
   2.37128      2.042843
   2.33183      2.147286
   2.29237      2.223618
   2.25292      2.252939
   2.25292      2.252939
   2.22793      2.241590
   2.20295      2.208410
   2.17796      2.155668
   2.15297      2.086313
   2.12799      2.003388
   2.10300      1.909695
   2.07802      1.807704
   2.05303      1.699574
   2.02804      1.587229
   2.00306      1.472458
   1.97807      1.357030
   1.95308      1.242813
   1.92810      1.131951
   1.90311      1.027026
   1.87812      0.931275
   1.85314      0.848738
   1.82815      0.784218
   1.80316      0.742751
   1.77818      0.728397
   1.77818      0.728397
   1.75845      0.729083
   1.73872      0.731128
   1.71900      0.734509
   1.69927      0.739185
   1.67954      0.745098
   1.65982      0.752173
   1.64009      0.760304
   1.62036      0.769362
   1.60064      0.779173
   1.58091      0.789511
   1.56118      0.800069
   1.54146      0.810425
   1.52173      0.819994
   1.50200      0.827963
   1.48228      0.833215
   1.46255      0.834293
   1.44282      0.829498
   1.42310      0.817261
   1.40337      0.796859
   1.40337      0.796859
   1.39246      0.748692
   1.38155      0.701249
   1.37064      0.654654
   1.35972      0.609043
   1.34881      0.564570
   1.33790      0.521403
   1.32699      0.479734
   1.31608      0.439773
   1.30517      0.401759
   1.29426      0.365950
   1.28334      0.332631
   1.27243      0.302111
   1.26152      0.274712
   1.25061      0.250772
   1.23970      0.230619
   1.22879      0.214564
   1.21788      0.202878
   1.20696      0.195776
   1.19605      0.193393
   1.19605      0.193393
   1.15818      0.292994
   1.12030      0.481429
   1.08242      0.689735
   1.04455      0.904119
   1.00667      0.994673
   0.96880      1.059415
   0.93092      1.133897
   0.89305      1.217262
   0.85517      1.308574
   0.81729      1.406797
   0.77942      1.510787
   0.74154      1.619248
   0.70367      1.730662
   0.66579      1.843164
   0.62792      1.954275
   0.59004      2.060281
   0.55216      2.154718
   0.51429      2.225376
   0.47641      2.252939
   0.47641      2.252939
   0.45134      2.241762
   0.42626      2.209043
   0.40119      2.156900
   0.37612      2.088161
   0.35104      2.005771
   0.32597      1.912492
   0.30089      1.810772
   0.27582      1.702756
   0.25074      1.590363
   0.22567      1.475370
   0.20059      1.359534
   0.17552      1.244715
   0.15045      1.133040
   0.12537      1.027093
   0.10030      0.930138
   0.07522      0.846300
   0.05015      0.780548
   0.02507      0.738166
   0.00000      0.723468
 
# Band-Index   25
   0.00000      2.831585
   0.02507      2.830737
   0.05015      2.828338
   0.07522      2.824759
   0.10030      2.820493
   0.12537      2.816024
   0.15045      2.811768
   0.17552      2.808008
   0.20059      2.804915
   0.22567      2.802525
   0.25074      2.800764
   0.27582      2.799474
   0.30089      2.798435
   0.32597      2.797383
   0.35104      2.796085
   0.37612      2.794386
   0.40119      2.792319
   0.42626      2.790170
   0.45134      2.788485
   0.47641      2.787841
   0.47641      2.787841
   0.51429      2.814417
   0.55216      2.882469
   0.59004      2.973705
   0.62792      3.077374
   0.66579      2.969175
   0.70367      2.782920
   0.74154      2.589862
   0.77942      2.390943
   0.81729      2.187021
   0.85517      1.978913
   0.89305      1.767409
   0.93092      1.553299
   0.96880      1.337410
   1.00667      1.120648
   1.04455      0.940501
   1.08242      0.897496
   1.12030      0.866332
   1.15818      0.847441
   1.19605      0.841111
   1.19605      0.841111
   1.20696      0.843426
   1.21788      0.850309
   1.22879      0.861571
   1.23970      0.876932
   1.25061      0.896043
   1.26152      0.918524
   1.27243      0.943980
   1.28334      0.972041
   1.29426      1.002363
   1.30517      1.034635
   1.31608      1.068581
   1.32699      1.103973
   1.33790      1.140602
   1.34881      1.178297
   1.35972      1.216904
   1.37064      1.256305
   1.38155      1.296391
   1.39246      1.337071
   1.40337      1.378267
   1.40337      1.378267
   1.42310      1.407033
   1.44282      1.450156
   1.46255      1.506028
   1.48228      1.572375
   1.50200      1.646896
   1.52173      1.727655
   1.54146      1.813129
   1.56118      1.902164
   1.58091      1.993885
   1.60064      2.087606
   1.62036      2.182767
   1.64009      2.278861
   1.65982      2.375382
   1.67954      2.471699
   1.69927      2.566874
   1.71900      2.659159
   1.73872      2.744671
   1.75845      2.813455
   1.77818      2.842627
   1.77818      2.842627
   1.80316      2.841733
   1.82815      2.839192
   1.85314      2.835390
   1.87812      2.830834
   1.90311      2.826023
   1.92810      2.821372
   1.95308      2.817169
   1.97807      2.813572
   2.00306      2.810614
   2.02804      2.808215
   2.05303      2.806206
   2.07802      2.804351
   2.10300      2.802393
   2.12799      2.800096
   2.15297      2.797331
   2.17796      2.794201
   2.20295      2.791098
   2.22793      2.788736
   2.25292      2.787841
   2.25292      2.787841
   2.29237      2.811547
   2.33183      2.871274
   2.37128      2.948020
   2.41073      3.020387
   2.45019      2.982419
   2.48964      2.835121
   2.52909      2.673551
   2.56855      2.509860
   2.60800      2.347752
   2.64745      2.189886
   2.68691      2.038690
   2.72636      1.896412
   2.76581      1.765141
   2.80527      1.646813
   2.84472      1.543484
   2.88417      1.457907
   2.92363      1.394870
   2.96308      1.363494
   3.00253      1.378267
 
# Band-Index   26
   3.00253      3.485205
   2.96308      3.476278
   2.92363      3.474306
   2.88417      3.479172
   2.84472      3.490040
   2.80527      3.505407
   2.76581      3.523184
   2.72636      3.540847
   2.68691      3.555673
   2.64745      3.565069
   2.60800      3.567071
   2.56855      3.476734
   2.52909      3.366200
   2.48964      3.263404
   2.45019      3.178284
   2.41073      3.204040
   2.37128      3.340560
   2.33183      3.454818
   2.29237      3.446027
   2.25292      3.443033
   2.25292      3.443033
   2.22793      3.444384
   2.20295      3.448418
   2.17796      3.455073
   2.15297      3.464240
   2.12799      3.475765
   2.10300      3.482761
   2.07802      3.449491
   2.05303      3.417137
   2.02804      3.385554
   2.00306      3.354733
   1.97807      3.324842
   1.95308      3.296182
   1.92810      3.269203
   1.90311      3.244469
   1.87812      3.222640
   1.85314      3.204480
   1.82815      3.190763
   1.80316      3.182192
   1.77818      3.179269
   1.77818      3.179269
   1.75845      3.208762
   1.73872      3.278504
   1.71900      3.365633
   1.69927      3.460211
   1.67954      3.558384
   1.65982      3.633758
   1.64009      3.622767
   1.62036      3.610834
   1.60064      3.598203
   1.58091      3.585114
   1.56118      3.571806
   1.54146      3.558520
   1.52173      3.545492
   1.50200      3.532956
   1.48228      3.521141
   1.46255      3.510265
   1.44282      3.500534
   1.42310      3.492127
   1.40337      3.485205
   1.40337      3.485205
   1.39246      3.472568
   1.38155      3.459696
   1.37064      3.446747
   1.35972      3.433866
   1.34881      3.421200
   1.33790      3.408869
   1.32699      3.396998
   1.31608      3.385693
   1.30517      3.375051
   1.29426      3.365166
   1.28334      3.356119
   1.27243      3.347972
   1.26152      3.340790
   1.25061      3.334626
   1.23970      3.329523
   1.22879      3.325515
   1.21788      3.322632
   1.20696      3.320894
   1.19605      3.320315
   1.19605      3.320315
   1.15818      3.325071
   1.12030      3.338959
   1.08242      3.360849
   1.04455      3.388958
   1.00667      3.420933
   0.96880      3.454027
   0.93092      3.485278
   0.89305      3.511734
   0.85517      3.530760
   0.81729      3.540547
   0.77942      3.540619
   0.74154      3.431689
   0.70367      3.307622
   0.66579      3.189460
   0.62792      3.147794
   0.59004      3.316367
   0.55216      3.453555
   0.51429      3.445710
   0.47641      3.443033
   0.47641      3.443033
   0.45134      3.444401
   0.42626      3.448485
   0.40119      3.455220
   0.37612      3.464499
   0.35104      3.476167
   0.32597      3.482822
   0.30089      3.449415
   0.27582      3.416878
   0.25074      3.385060
   0.22567      3.353987
   0.20059      3.323826
   0.17552      3.294904
   0.15045      3.267685
   0.12537      3.242743
   0.10030      3.220755
   0.07522      3.202483
   0.05015      3.188695
   0.02507      3.180090
   0.00000      3.177162
 
# Band-Index   27
   0.00000      3.670661
   0.02507      3.669034
   0.05015      3.664188
   0.07522      3.656219
   0.10030      3.645306
   0.12537      3.631745
   0.15045      3.615941
   0.17552      3.598416
   0.20059      3.579760
   0.22567      3.560586
   0.25074      3.541499
   0.27582      3.523057
   0.30089      3.505755
   0.32597      3.490011
   0.35104      3.517323
   0.37612      3.553007
   0.40119      3.589366
   0.42626      3.624259
   0.45134      3.652097
   0.47641      3.663352
   0.47641      3.663352
   0.51429      3.601956
   0.55216      3.471698
   0.59004      3.465989
   0.62792      3.481972
   0.66579      3.499909
   0.70367      3.517567
   0.74154      3.532137
   0.77942      3.561578
   0.81729      3.697311
   0.85517      3.838740
   0.89305      3.985512
   0.93092      4.136895
   0.96880      4.291659
   1.00667      4.447740
   1.04455      4.601686
   1.08242      4.747518
   1.12030      4.874714
   1.15818      4.966145
   1.19605      4.993322
   1.19605      4.993320
   1.20696      4.979111
   1.21788      4.948274
   1.22879      4.912164
   1.23970      4.874484
   1.25061      4.836493
   1.26152      4.798708
   1.27243      4.761408
   1.28334      4.724761
   1.29426      4.688884
   1.30517      4.653876
   1.31608      4.619819
   1.32699      4.586786
   1.33790      4.554854
   1.34881      4.524100
   1.35972      4.494597
   1.37064      4.466426
   1.38155      4.439669
   1.39246      4.414414
   1.40337      4.390749
   1.40337      4.390749
   1.42310      4.380147
   1.44282      4.371564
   1.46255      4.364936
   1.48228      4.360143
   1.50200      4.357015
   1.52173      4.355332
   1.54146      4.264503
   1.56118      4.164864
   1.58091      4.064138
   1.60064      3.962767
   1.62036      3.861119
   1.64009      3.759551
   1.65982      3.658459
   1.67954      3.643572
   1.69927      3.651987
   1.71900      3.658787
   1.73872      3.663789
   1.75845      3.666849
   1.77818      3.667880
   1.77818      3.667880
   1.80316      3.666275
   1.82815      3.661481
   1.85314      3.653598
   1.87812      3.642813
   1.90311      3.629412
   1.92810      3.613803
   1.95308      3.596494
   1.97807      3.578071
   2.00306      3.559137
   2.02804      3.540289
   2.05303      3.522079
   2.07802      3.504991
   2.10300      3.489440
   2.12799      3.517181
   2.15297      3.552848
   2.17796      3.589232
   2.20295      3.624170
   2.22793      3.652065
   2.25292      3.663352
   2.25292      3.663352
   2.29237      3.604513
   2.33183      3.481819
   2.37128      3.468818
   2.41073      3.486975
   2.45019      3.507687
   2.48964      3.528741
   2.52909      3.547422
   2.56855      3.560918
   2.60800      3.593601
   2.64745      3.716327
   2.68691      3.844404
   2.72636      3.977091
   2.76581      4.113266
   2.80527      4.251342
   2.84472      4.389099
   2.88417      4.491055
   2.92363      4.452296
   2.96308      4.417954
   3.00253      4.390749
 
# Band-Index   28
   3.00253      4.757376
   2.96308      4.744239
   2.92363      4.647442
   2.88417      4.523176
   2.84472      4.527771
   2.80527      4.548513
   2.76581      4.534117
   2.72636      4.484064
   2.68691      4.419836
   2.64745      4.359181
   2.60800      4.311000
   2.56855      4.278965
   2.52909      4.263434
   2.48964      4.262349
   2.45019      4.272065
   2.41073      4.288097
   2.37128      4.257928
   2.33183      4.164572
   2.29237      4.053067
   2.25292      3.997265
   2.25292      3.997260
   2.22793      4.015972
   2.20295      4.065105
   2.17796      4.130771
   2.15297      4.193787
   2.12799      4.235610
   2.10300      4.268105
   2.07802      4.292774
   2.05303      4.285426
   2.02804      4.280005
   2.00306      4.277263
   1.97807      4.277811
   1.95308      4.282053
   1.92810      4.290107
   1.90311      4.301686
   1.87812      4.315954
   1.85314      4.331374
   1.82815      4.345649
   1.80316      4.355951
   1.77818      4.359737
   1.77818      4.359737
   1.75845      4.359851
   1.73872      4.360150
   1.71900      4.360521
   1.69927      4.360807
   1.67954      4.360850
   1.65982      4.360535
   1.64009      4.359818
   1.62036      4.358751
   1.60064      4.357474
   1.58091      4.356209
   1.56118      4.355227
   1.54146      4.354833
   1.52173      4.362464
   1.50200      4.457832
   1.48228      4.549111
   1.46255      4.633297
   1.44282      4.702214
   1.42310      4.740279
   1.40337      4.757376
   1.40337      4.757375
   1.39246      4.783034
   1.38155      4.807617
   1.37064      4.830741
   1.35972      4.852247
   1.34881      4.872269
   1.33790      4.890432
   1.32699      4.910147
   1.31608      4.922691
   1.30517      4.936209
   1.29426      4.948228
   1.28334      4.959253
   1.27243      4.968886
   1.26152      4.977169
   1.25061      4.984299
   1.23970      4.990439
   1.22879      4.996295
   1.21788      4.997604
   1.20696      4.999537
   1.19605      5.000260
   1.19605      5.000126
   1.15818      4.998503
   1.12030      5.009129
   1.08242      4.910653
   1.04455      4.799586
   1.00667      4.687779
   0.96880      4.582184
   0.93092      4.487209
   0.89305      4.406062
   0.85517      4.341246
   0.81729      4.294444
   0.77942      4.266036
   0.74154      4.254670
   0.70367      4.257311
   0.66579      4.269787
   0.62792      4.287469
   0.59004      4.274974
   0.55216      4.161141
   0.51429      4.051655
   0.47641      3.997252
   0.47641      3.997272
   0.45134      4.015957
   0.42626      4.064664
   0.40119      4.129302
   0.37612      4.190577
   0.35104      4.232393
   0.32597      4.265552
   0.30089      4.294489
   0.27582      4.287475
   0.25074      4.282374
   0.22567      4.279934
   0.20059      4.280772
   0.17552      4.285309
   0.15045      4.293676
   0.12537      4.305593
   0.10030      4.320228
   0.07522      4.336033
   0.05015      4.350668
   0.02507      4.361241
   0.00000      4.365130
 
# Band-Index   29
   0.00000      4.927613
   0.02507      4.936469
   0.05015      4.864401
   0.07522      4.789443
   0.10030      4.718196
   0.12537      4.650882
   0.15045      4.587660
   0.17552      4.528661
   0.20059      4.474000
   0.22567      4.423761
   0.25074      4.377978
   0.27582      4.336608
   0.30089      4.299397
   0.32597      4.302590
   0.35104      4.310950
   0.37612      4.278684
   0.40119      4.237155
   0.42626      4.217282
   0.45134      4.207448
   0.47641      4.204388
   0.47641      4.204388
   0.51429      4.212468
   0.55216      4.236471
   0.59004      4.282871
   0.62792      4.328780
   0.66579      4.394897
   0.70367      4.472450
   0.74154      4.560097
   0.77942      4.656536
   0.81729      4.760512
   0.85517      4.870696
   0.89305      4.985561
   0.93092      5.103014
   0.96880      5.179014
   1.00667      5.122498
   1.04455      5.076106
   1.08242      5.039932
   1.12030      5.014117
   1.15818      5.077989
   1.19605      5.102356
   1.19605      5.102356
   1.20696      5.116975
   1.21788      5.149031
   1.22879      5.187152
   1.23970      5.227577
   1.25061      5.269018
   1.26152      5.242805
   1.27243      5.205645
   1.28334      5.168739
   1.29426      5.132083
   1.30517      5.096180
   1.31608      5.060914
   1.32699      5.027997
   1.33790      4.992675
   1.34881      4.960300
   1.35972      4.928743
   1.37064      4.898645
   1.38155      4.869737
   1.39246      4.841766
   1.40337      4.814608
   1.40337      4.814615
   1.42310      4.790219
   1.44282      4.759499
   1.46255      4.744261
   1.48228      4.736894
   1.50200      4.733839
   1.52173      4.734291
   1.54146      4.738018
   1.56118      4.744988
   1.58091      4.755003
   1.60064      4.768288
   1.62036      4.784453
   1.64009      4.803773
   1.65982      4.826166
   1.67954      4.851376
   1.69927      4.879594
   1.71900      4.910620
   1.73872      4.931068
   1.75845      4.925619
   1.77818      4.923813
   1.77818      4.923814
   1.80316      4.932531
   1.82815      4.861749
   1.85314      4.787339
   1.87812      4.716630
   1.90311      4.649816
   1.92810      4.587075
   1.95308      4.528537
   1.97807      4.474313
   2.00306      4.424494
   2.02804      4.379126
   2.05303      4.338172
   2.07802      4.301412
   2.10300      4.301224
   2.12799      4.309934
   2.15297      4.274681
   2.17796      4.235223
   2.20295      4.216621
   2.22793      4.207306
   2.25292      4.204388
   2.25292      4.204388
   2.29237      4.213068
   2.33183      4.241271
   2.37128      4.305816
   2.41073      4.317131
   2.45019      4.382665
   2.48964      4.458271
   2.52909      4.543604
   2.56855      4.638045
   2.60800      4.741055
   2.64745      4.852177
   2.68691      4.970971
   2.72636      4.995483
   2.76581      4.965951
   2.80527      4.994390
   2.84472      4.995693
   2.88417      4.925593
   2.92363      4.866681
   2.96308      4.824704
   3.00253      4.814619
 
# Band-Index   30
   3.00253      5.133224
   2.96308      5.222275
   2.92363      5.320703
   2.88417      5.197951
   2.84472      5.079322
   2.80527      5.074515
   2.76581      5.157351
   2.72636      5.096686
   2.68691      5.059344
   2.64745      5.125231
   2.60800      5.108434
   2.56855      4.987443
   2.52909      4.857376
   2.48964      4.722419
   2.45019      4.585217
   2.41073      4.448341
   2.37128      4.318560
   2.33183      4.321171
   2.29237      4.331332
   2.25292      4.334849
   2.25292      4.334849
   2.22793      4.333731
   2.20295      4.330428
   2.17796      4.325118
   2.15297      4.318120
   2.12799      4.348921
   2.10300      4.443242
   2.07802      4.545409
   2.05303      4.650994
   2.02804      4.757618
   2.00306      4.863183
   1.97807      4.966068
   1.95308      5.028670
   1.92810      5.049539
   1.90311      5.050497
   1.87812      5.027468
   1.85314      4.991607
   1.82815      4.956883
   1.80316      4.939466
   1.77818      5.013770
   1.77818      5.013762
   1.75845      4.980724
   1.73872      4.944396
   1.71900      4.940260
   1.69927      4.953325
   1.67954      4.970380
   1.65982      4.991482
   1.64009      5.016571
   1.62036      5.045427
   1.60064      5.077629
   1.58091      5.112386
   1.56118      5.148617
   1.54146      5.184599
   1.52173      5.218265
   1.50200      5.247650
   1.48228      5.209220
   1.46255      5.176412
   1.44282      5.143624
   1.42310      5.126912
   1.40337      5.133237
   1.40337      5.133241
   1.39246      5.172823
   1.38155      5.213903
   1.37064      5.252755
   1.35972      5.291198
   1.34881      5.334224
   1.33790      5.384820
   1.32699      5.532425
   1.31608      5.509243
   1.30517      5.474009
   1.29426      5.434937
   1.28334      5.394213
   1.27243      5.352672
   1.26152      5.310853
   1.25061      5.279836
   1.23970      5.316201
   1.22879      5.352244
   1.21788      5.381293
   1.20696      5.404242
   1.19605      5.413222
   1.19605      5.413120
   1.15818      5.416414
   1.12030      5.424089
   1.08242      5.430745
   1.04455      5.406557
   1.00667      5.328035
   0.96880      5.219591
   0.93092      5.245492
   0.89305      5.180317
   0.85517      5.079998
   0.81729      4.975255
   0.77942      4.867050
   0.74154      4.755628
   0.70367      4.641355
   0.66579      4.524161
   0.62792      4.404261
   0.59004      4.305886
   0.55216      4.321342
   0.51429      4.331395
   0.47641      4.334849
   0.47641      4.334849
   0.45134      4.333779
   0.42626      4.330617
   0.40119      4.325523
   0.37612      4.318807
   0.35104      4.353438
   0.32597      4.447728
   0.30089      4.550076
   0.27582      4.656054
   0.25074      4.763095
   0.22567      4.869797
   0.20059      4.973201
   0.17552      5.032393
   0.15045      5.054034
   0.12537      5.055630
   0.10030      5.032669
   0.07522      4.996417
   0.05015      4.961199
   0.02507      4.942657
   0.00000      5.015852
 
# Band-Index   31
   0.00000      5.033281
   0.02507      5.108454
   0.05015      5.190841
   0.07522      5.263588
   0.10030      5.285791
   0.12537      5.240568
   0.15045      5.162897
   0.17552      5.071878
   0.20059      5.001764
   0.22567      4.969222
   0.25074      4.938204
   0.27582      4.910376
   0.30089      4.886559
   0.32597      4.867101
   0.35104      4.852010
   0.37612      4.841002
   0.40119      4.833550
   0.42626      4.828971
   0.45134      4.826573
   0.47641      4.825836
   0.47641      4.825836
   0.51429      4.827256
   0.55216      4.832693
   0.59004      4.844909
   0.62792      4.866687
   0.66579      4.899768
   0.70367      4.944739
   0.74154      5.001403
   0.77942      5.069112
   0.81729      5.146839
   0.85517      5.232855
   0.89305      5.320737
   0.93092      5.275063
   0.96880      5.363304
   1.00667      5.442042
   1.04455      5.468240
   1.08242      5.454830
   1.12030      5.454289
   1.15818      5.469703
   1.19605      5.482114
   1.19605      5.482029
   1.20696      5.482482
   1.21788      5.483687
   1.22879      5.485776
   1.23970      5.488785
   1.25061      5.492471
   1.26152      5.496971
   1.27243      5.502327
   1.28334      5.508531
   1.29426      5.515563
   1.30517      5.522868
   1.31608      5.531555
   1.32699      5.541702
   1.33790      5.526696
   1.34881      5.501154
   1.35972      5.470277
   1.37064      5.438417
   1.38155      5.406452
   1.39246      5.374786
   1.40337      5.343659
   1.40337      5.343658
   1.42310      5.327463
   1.44282      5.310591
   1.46255      5.292569
   1.48228      5.272118
   1.50200      5.249335
   1.52173      5.282021
   1.54146      5.319511
   1.56118      5.402052
   1.58091      5.365231
   1.60064      5.404592
   1.62036      5.383594
   1.64009      5.345592
   1.65982      5.308255
   1.67954      5.249547
   1.69927      5.200723
   1.71900      5.152698
   1.73872      5.106468
   1.75845      5.062735
   1.77818      5.027203
   1.77818      5.027273
   1.80316      5.103379
   1.82815      5.185196
   1.85314      5.254762
   1.87812      5.284040
   1.90311      5.229767
   1.92810      5.154209
   1.95308      5.064053
   1.97807      4.998683
   2.00306      4.966651
   2.02804      4.936052
   2.05303      4.908584
   2.07802      4.885087
   2.10300      4.865925
   2.12799      4.851114
   2.15297      4.840373
   2.17796      4.833165
   2.20295      4.828786
   2.22793      4.826524
   2.25292      4.825836
   2.25292      4.825836
   2.29237      4.827465
   2.33183      4.833664
   2.37128      4.847442
   2.41073      4.871663
   2.45019      4.907867
   2.48964      4.956106
   2.52909      5.014931
   2.56855      5.079860
   2.60800      5.133769
   2.64745      5.210886
   2.68691      5.268673
   2.72636      5.238874
   2.76581      5.233091
   2.80527      5.371534
   2.84472      5.521909
   2.88417      5.457519
   2.92363      5.344040
   2.96308      5.367717
   3.00253      5.343660
 
# Band-Index   32
   3.00253      5.629824
   2.96308      5.548761
   2.92363      5.496817
   2.88417      5.535589
   2.84472      5.599844
   2.80527      5.634045
   2.76581      5.609027
   2.72636      5.549413
   2.68691      5.453278
   2.64745      5.375612
   2.60800      5.382799
   2.56855      5.476412
   2.52909      5.602330
   2.48964      5.739638
   2.45019      5.875719
   2.41073      5.994287
   2.37128      6.025934
   2.33183      6.003250
   2.29237      5.987330
   2.25292      5.982061
   2.25292      5.982400
   2.22793      5.984352
   2.20295      5.992420
   2.17796      5.999677
   2.15297      6.011811
   2.12799      6.027023
   2.10300      6.008531
   2.07802      5.916935
   2.05303      5.817993
   2.02804      5.716262
   2.00306      5.616693
   1.97807      5.523617
   1.95308      5.442268
   1.92810      5.380923
   1.90311      5.351551
   1.87812      5.359435
   1.85314      5.394498
   1.82815      5.443107
   1.80316      5.491852
   1.77818      5.516018
   1.77818      5.516010
   1.75845      5.511865
   1.73872      5.500850
   1.71900      5.485666
   1.69927      5.468949
   1.67954      5.452320
   1.65982      5.436875
   1.64009      5.423312
   1.62036      5.412368
   1.60064      5.471199
   1.58091      5.400905
   1.56118      5.609406
   1.54146      5.409949
   1.52173      5.425911
   1.50200      5.451411
   1.48228      5.486427
   1.46255      5.528650
   1.44282      5.573800
   1.42310      5.613926
   1.40337      5.629819
   1.40337      5.629839
   1.39246      5.614871
   1.38155      5.600678
   1.37064      5.587368
   1.35972      5.574614
   1.34881      5.564815
   1.33790      5.552537
   1.32699      5.610503
   1.31608      5.627981
   1.30517      5.619128
   1.29426      5.691126
   1.28334      5.708309
   1.27243      5.758053
   1.26152      5.784228
   1.25061      5.761143
   1.23970      5.701387
   1.22879      5.672686
   1.21788      5.636824
   1.20696      5.613450
   1.19605      5.604358
   1.19605      5.604406
   1.15818      5.601814
   1.12030      5.587789
   1.08242      5.559171
   1.04455      5.585827
   1.00667      5.481378
   0.96880      5.468825
   0.93092      5.409746
   0.89305      5.324577
   0.85517      5.407344
   0.81729      5.501716
   0.77942      5.603863
   0.74154      5.711888
   0.70367      5.822068
   0.66579      5.925842
   0.62792      6.039798
   0.59004      6.024198
   0.55216      6.001607
   0.51429      5.987122
   0.47641      5.982098
   0.47641      5.982184
   0.45134      5.984763
   0.42626      5.991974
   0.40119      5.999609
   0.37612      6.012449
   0.35104      6.027581
   0.32597      6.018439
   0.30089      5.927846
   0.27582      5.827920
   0.25074      5.725082
   0.22567      5.624569
   0.20059      5.530561
   0.17552      5.448201
   0.15045      5.385785
   0.12537      5.355526
   0.10030      5.363144
   0.07522      5.398766
   0.05015      5.447742
   0.02507      5.497266
   0.00000      5.521946
